10000
6 9626
6 5015
8 5643
9 9474
10 7765
11 6336
11 3894
14 4390
15 6770
15 3583
18 3043
26 4186
26 6017
26 8298
26 564
29 3822
30 1729
33 4008
34 529
34 3348
34 6948
36 2896
36 7023
37 1270
40 4172
41 4609
42 1459
43 8064
46 5383
46 3947
46 6586
47 9780
48 1727
49 4364
50 3470
50 2746
51 7369
51 7016
52 4205
55 3150
56 2457
57 1684
57 4146
58 1500
65 2502
69 3654
70 5151
76 536
78 1580
80 2953
82 7821
85 2113
89 708
91 1547
92 6910
92 1131
94 8468
94 1397
95 479
96 2504
97 2151
99 3779
104 2658
104 6981
105 494
105 9123
106 5380
107 1703
107 4327
107 8034
107 781
108 7966
108 1114
111 1727
112 933
112 876
114 5205
116 3854
116 7290
117 2
117 3772
118 9550
119 8155
123 1149
124 4523
125 8602
127 9966
127 7369
130 1365
132 5456
133 1585
135 5900
137 1312
138 7959
140 8183
141 4234
142 3890
149 4532
150 3250
151 6843
152 2548
157 1025
157 4631
158 462
163 7294
164 1680
168 7787
168 4998
177 2322
179 843
181 282
184 4821
188 2654
188 867
191 5852
194 8585
195 6249
197 3566
203 5499
203 5117
208 5872
209 849
210 9023
210 4685
210 5057
213 9307
218 3277
220 6990
220 6192
223 5052
226 5836
226 2870
228 1442
229 7373
232 1262
232 3331
233 6297
234 2200
234 8996
238 3247
241 8937
244 3993
246 4178
248 3046
248 1676
249 17
250 4301
251 1698
252 2166
256 4759
256 7123
258 4753
260 2602
262 5772
262 7002
262 4344
263 5480
263 27
267 3929
268 3003
269 6012
271 8929
272 1739
273 1332
275 5829
275 7646
276 9732
277 228
278 6496
279 1661
280 9044
281 3980
282 5853
283 4763
283 8200
286 6900
293 2968
295 1105
295 9598
298 7742
310 6681
312 7817
316 1480
316 1594
316 3157
318 1896
319 4368
320 536
323 9126
325 4295
327 5207
328 8587
328 1824
331 2818
333 6048
335 6098
335 6892
336 6362
337 2064
339 4848
341 8436
342 4513
344 6845
344 3905
348 1690
350 8252
351 2270
353 4524
354 3439
357 7815
358 1479
360 4868
361 8978
367 6031
367 7053
368 5275
370 888
372 2455
372 6634
372 4602
373 6982
373 8206
374 5703
374 1083
375 6915
376 318
378 2110
380 3069
382 528
384 9039
385 7091
386 391
387 4197
390 1729
390 7138
390 1767
392 2856
394 40
395 6917
395 3643
396 6223
397 3894
397 8331
397 2430
399 5984
399 5792
399 3094
400 4640
404 2072
406 8357
409 3324
410 4663
411 1585
411 817
412 9041
412 787
413 6513
414 923
414 5999
414 3840
415 8105
416 8126
422 9321
423 8865
425 1906
426 3524
429 8106
432 8987
437 5594
437 8486
442 4279
443 32
445 990
448 6740
449 3975
452 2571
452 5893
452 532
454 6850
455 1695
459 1551
460 4564
460 428
462 8368
463 6685
465 7970
467 215
470 9213
480 7982
482 4437
483 6765
485 3958
486 9114
488 1179
488 2969
488 2244
491 8544
491 5464
491 6646
492 3343
495 4534
496 967
499 7649
500 1474
503 8897
503 5350
504 6141
504 2600
505 7418
506 4671
507 6423
510 6862
512 4682
514 3134
515 1848
516 1285
518 7600
522 5439
523 6786
524 2521
524 7926
524 1928
524 4494
525 4366
526 2808
527 5049
527 8561
529 9972
532 3243
533 7457
534 9992
536 5970
537 8014
541 9372
546 8063
547 1360
548 3193
549 9344
552 5042
554 1862
555 8990
557 7002
557 4763
558 5240
558 4794
561 6945
564 5963
565 843
565 3344
569 6743
571 928
573 1257
576 1684
576 7721
579 7414
579 9763
580 3322
582 9944
583 4663
584 7464
584 2080
585 5832
586 9266
588 5464
590 7747
592 970
593 9579
593 5903
599 7462
604 8476
609 381
612 1760
614 4246
617 5763
618 8145
624 5035
624 1311
624 248
627 4098
628 4749
630 5596
631 4137
635 8499
636 1980
637 80
639 6312
639 3991
639 6025
640 2890
641 6996
642 9105
643 3157
650 4633
650 1419
653 1916
667 8243
668 4291
669 6271
673 6694
673 1076
674 9266
675 9798
678 2938
681 6038
684 2764
690 6262
693 345
697 957
697 665
698 254
699 7630
700 5544
702 8200
702 7392
703 8524
703 2736
706 2268
706 7325
707 9338
708 7668
711 939
714 2979
715 6396
716 3903
719 8418
720 559
722 4691
723 2321
723 488
724 9752
724 412
730 8248
731 9051
731 9657
733 1113
735 2369
737 8827
738 8531
738 2718
743 5064
743 2387
746 5488
746 5347
748 9772
751 3279
754 4502
755 2088
759 4054
760 9340
762 3911
764 9708
765 9032
768 9165
768 2978
769 4695
774 3688
775 1598
776 1444
776 5612
776 7189
776 7797
781 4368
781 7363
782 6149
788 4749
788 5620
788 2709
789 3692
791 5708
792 6202
793 1582
796 4855
796 1098
796 7144
798 4801
799 3739
801 4178
803 2340
811 1609
812 7593
817 6861
820 8268
821 5270
821 2013
823 2861
827 5767
828 153
830 8299
830 1452
833 7174
836 8026
836 2762
839 3535
840 9413
841 2695
843 7635
843 9796
844 8902
845 9897
847 7606
848 4116
850 5610
851 7020
851 5481
857 2737
859 4629
860 5853
862 4918
863 2290
864 9114
864 8876
865 5832
865 7423
868 7667
868 560
868 3869
871 8137
873 7984
873 5307
874 5296
877 6498
879 935
880 8467
883 1023
889 6598
889 2255
890 9314
890 4251
891 3421
891 8376
892 5944
893 6191
894 7851
894 6875
897 5084
902 1459
904 8641
905 9041
905 6122
905 5935
908 7619
912 5524
913 2086
917 5617
917 7314
918 5766
918 7043
919 5922
923 1605
924 3747
925 6602
928 443
930 9814
935 8281
936 941
940 5834
941 1401
946 8701
948 85
949 4159
951 4027
952 9520
952 6370
954 9455
954 1327
954 612
955 9974
955 9608
956 8037
957 8117
958 9568
960 672
962 1063
964 346
965 2993
965 5013
970 3546
971 2261
971 2465
975 2804
979 4186
981 3807
981 6328
981 701
983 1055
983 5776
984 8629
986 8997
989 420
991 9966
991 3102
992 6636
993 3423
993 3944
995 4352
995 653
996 6934
998 1826
1000 8086
1004 8816
1006 7505
1006 6352
1008 4072
1009 1382
1009 8403
1013 573
1018 7089
1018 6065
1021 5492
1021 2955
1022 2778
1022 8246
1023 7246
1025 7979
1028 5124
1031 5682
1031 1412
1032 1795
1032 9091
1036 1729
1037 6651
1038 6616
1038 356
1040 9298
1042 4742
1043 3864
1046 2644
1048 1402
1049 814
1050 6101
1053 9161
1056 7887
1058 8632
1061 2720
1064 4995
1065 5748
1065 8566
1065 5552
1066 2748
1066 5199
1068 8277
1068 4220
1069 8298
1071 8258
1072 1100
1075 9523
1076 6352
1081 2802
1082 1996
1083 3939
1084 8103
1093 8074
1094 5332
1096 398
1097 1010
1097 7235
1101 914
1105 855
1105 6189
1107 9586
1108 4199
1110 7483
1113 2694
1118 656
1119 162
1119 3566
1123 2091
1123 9343
1125 5085
1126 8158
1128 6566
1128 5966
1130 2532
1130 6790
1133 9771
1134 8518
1136 5544
1136 520
1137 1859
1139 8132
1141 3598
1143 9603
1145 6109
1147 9588
1148 8327
1150 5898
1151 4428
1152 3429
1153 5824
1153 4517
1156 1154
1156 7072
1157 7165
1157 1035
1158 162
1163 4542
1164 567
1165 607
1166 5893
1167 1136
1167 1244
1170 9861
1171 4471
1176 861
1179 2697
1180 4035
1180 5580
1183 3685
1184 6833
1185 2444
1187 847
1190 6042
1197 3444
1197 6811
1202 727
1203 9563
1204 644
1207 8124
1209 9514
1210 5302
1210 5101
1214 9636
1214 1301
1215 5507
1215 3519
1217 4982
1218 2047
1220 1967
1223 2018
1227 914
1228 8326
1228 8986
1230 4600
1232 3036
1233 2074
1238 2678
1240 9605
1241 987
1241 4281
1243 1901
1243 9532
1245 7911
1247 7046
1251 6645
1252 7809
1252 7028
1253 9402
1255 4791
1255 9655
1257 9296
1258 3946
1258 9710
1258 3654
1258 8569
1259 3573
1262 6021
1267 14
1268 3369
1268 125
1269 1234
1271 8690
1272 1848
1272 2518
1274 4539
1277 7847
1277 3672
1278 3774
1278 1345
1279 467
1279 4333
1280 2719
1281 283
1283 5508
1284 6854
1285 1852
1286 8175
1287 3304
1287 7403
1290 7813
1296 5238
1297 7549
1298 4682
1298 4594
1299 4514
1302 8813
1303 312
1304 9574
1305 8339
1308 4537
1308 1082
1309 5391
1309 2625
1314 5736
1316 5802
1319 3835
1320 6908
1321 3929
1324 9706
1326 9149
1327 5995
1327 3552
1333 360
1336 9490
1339 4893
1342 6963
1344 5383
1344 5677
1345 6286
1345 1066
1346 6677
1347 7751
1348 6027
1349 3776
1350 428
1350 1169
1351 7515
1351 2487
1352 7856
1353 6763
1355 9534
1356 3736
1359 6679
1359 1927
1359 9327
1362 7659
1365 3518
1365 7017
1366 8635
1369 2431
1372 45
1375 2458
1376 5028
1377 6137
1380 3219
1380 820
1385 4563
1385 5966
1387 2135
1387 614
1389 6343
1389 2199
1394 8928
1395 888
1397 6054
1398 9574
1398 5932
1400 6813
1403 3267
1405 1898
1405 1409
1406 9073
1407 7565
1409 935
1409 8510
1410 2844
1411 8484
1414 3128
1420 5402
1420 7709
1421 5350
1422 9992
1423 9363
1423 5942
1426 3743
1426 2850
1427 8754
1428 1353
1430 2400
1432 9179
1434 3968
1435 496
1435 940
1437 5416
1438 5124
1438 6885
1439 4866
1441 1543
1444 5537
1444 4408
1445 3567
1446 4562
1448 1101
1449 8032
1449 7960
1451 4800
1452 8208
1453 4916
1454 9171
1457 7094
1457 5954
1457 8055
1457 2650
1458 2198
1469 8115
1469 8760
1469 4528
1470 5981
1471 4967
1472 1784
1473 4003
1474 4718
1474 6296
1475 4321
1475 2563
1477 7388
1477 5085
1478 9538
1479 5815
1479 5563
1479 5783
1480 8252
1480 802
1482 2870
1483 544
1484 1213
1487 992
1487 455
1489 678
1490 5372
1490 2835
1493 2951
1494 332
1496 6538
1499 3201
1504 6580
1506 4163
1507 1271
1512 4211
1512 4103
1515 430
1515 5230
1517 9947
1521 1740
1521 3389
1522 7829
1525 823
1527 6059
1528 9838
1528 5861
1529 3
1530 1164
1530 5369
1531 4151
1531 3682
1533 7810
1534 8751
1534 6081
1535 3183
1535 4615
1537 6745
1537 4454
1539 1143
1541 6362
1543 5324
1543 5880
1545 3338
1547 2207
1549 6039
1549 8439
1551 4236
1553 6787
1555 1503
1557 5567
1562 414
1562 8588
1562 4388
1564 4367
1565 8859
1569 5278
1572 8718
1573 2453
1575 4908
1577 3830
1579 995
1581 9468
1581 9611
1584 7761
1585 1946
1586 234
1586 6306
1587 328
1588 8651
1589 4868
1592 2706
1594 1258
1594 2902
1595 4248
1596 6740
1599 9967
1600 3289
1601 4010
1601 8497
1602 1241
1603 7307
1605 4007
1610 579
1611 7283
1614 1219
1618 2376
1618 8959
1619 2015
1620 7100
1620 154
1620 7547
1623 2261
1625 7396
1626 9576
1628 2574
1631 9989
1632 3685
1632 9626
1636 6785
1637 2439
1637 4054
1637 2683
1639 6407
1639 132
1642 1277
1642 2068
1643 7394
1644 2533
1644 5698
1644 1243
1645 6215
1649 5608
1651 4153
1651 9584
1651 1526
1654 961
1654 2959
1655 1867
1655 4410
1656 9586
1658 9572
1660 9291
1664 140
1665 4255
1666 5560
1670 6846
1673 3096
1683 660
1686 456
1689 4364
1690 7745
1692 3891
1696 3976
1697 8154
1699 6388
1699 3140
1700 2922
1701 7522
1702 3977
1703 210
1703 3580
1704 5595
1704 2780
1706 7472
1708 502
1712 1163
1712 19
1713 5550
1714 354
1714 985
1714 3087
1717 9936
1718 6499
1723 2873
1724 6840
1726 5488
1727 4271
1731 520
1736 5710
1738 2211
1738 2091
1740 5226
1741 3675
1743 9033
1746 1477
1747 4081
1750 448
1751 3516
1752 7305
1752 4989
1752 1007
1754 3871
1757 8039
1757 7436
1757 4662
1758 2979
1760 9356
1762 1721
1766 9469
1768 2438
1769 2096
1771 3078
1772 7412
1772 7982
1772 1486
1773 6906
1774 5704
1776 8086
1782 4384
1783 3145
1783 8178
1784 3334
1785 8622
1786 8339
1786 8368
1788 5062
1789 1601
1796 4145
1797 2931
1798 3375
1799 1725
1799 8125
1800 6420
1801 3932
1801 45
1804 6805
1807 5999
1807 1440
1808 9131
1808 2169
1808 6114
1812 394
1815 1074
1817 9468
1818 3111
1825 448
1834 7510
1835 5218
1837 4750
1838 6635
1840 8984
1841 7906
1842 6173
1847 5394
1847 1797
1849 2291
1849 25
1851 7442
1851 9724
1851 5101
1852 2762
1852 886
1853 6017
1857 1997
1857 3941
1862 319
1865 4596
1867 5591
1869 4662
1870 9000
1871 283
1873 5525
1875 1479
1882 6429
1882 7592
1883 2156
1885 2299
1885 4490
1887 3927
1887 5608
1889 6390
1889 5708
1892 2300
1894 672
1894 4290
1897 260
1897 5942
1898 1789
1900 7318
1900 413
1900 2213
1902 4824
1903 6346
1904 9563
1906 1005
1908 1517
1908 9396
1910 2964
1912 2935
1912 4121
1913 7583
1914 2060
1915 291
1915 9680
1919 7486
1919 2880
1920 6908
1921 3514
1921 3234
1926 1874
1928 1061
1928 9947
1928 5797
1928 172
1931 1935
1932 5393
1932 875
1932 1412
1934 8638
1935 2339
1935 6699
1937 3536
1937 6483
1940 2696
1942 8760
1944 5502
1945 2487
1948 6327
1950 3773
1953 8140
1953 6994
1954 2193
1957 8010
1962 6490
1965 5396
1967 1064
1970 9929
1971 829
1972 2398
1973 1673
1975 3802
1977 6002
1978 3661
1978 9268
1979 9561
1980 8856
1982 4732
1983 9947
1983 9837
1983 1081
1984 5675
1988 9091
1992 4445
1993 9358
1997 4180
2000 9978
2000 6647
2001 4087
2001 5946
2003 4967
2003 5909
2005 4379
2007 5934
2008 307
2009 9051
2009 238
2009 296
2012 5312
2015 923
2018 476
2021 7453
2021 3525
2023 3451
2023 9587
2028 3530
2029 9313
2030 7586
2030 6991
2031 5759
2031 3292
2033 523
2037 644
2037 1059
2039 3613
2041 9319
2042 1809
2045 5760
2046 4576
2047 7770
2049 2064
2049 477
2050 8330
2053 6419
2055 1124
2055 7958
2060 1805
2060 9434
2065 8701
2065 2545
2074 9867
2078 7757
2082 4686
2082 5668
2082 7883
2084 7573
2086 968
2087 5939
2088 3024
2092 4598
2092 2887
2093 2648
2095 8800
2096 4060
2098 1358
2102 142
2102 2886
2102 3618
2102 9984
2103 7569
2104 3133
2106 9992
2110 9913
2111 8352
2112 6005
2112 2896
2114 5254
2116 9496
2118 8921
2118 9475
2121 4985
2123 6086
2123 2470
2125 4145
2127 6165
2128 3687
2129 8900
2129 8500
2130 6287
2132 9906
2133 7495
2133 664
2136 1839
2136 6047
2136 2780
2137 6085
2137 8052
2140 6783
2142 7569
2143 505
2145 9597
2145 2301
2146 5391
2147 8635
2147 1446
2147 8280
2148 4522
2148 4110
2148 8121
2152 8696
2153 2602
2153 5198
2156 3019
2158 6423
2159 956
2159 5908
2160 3168
2161 3689
2161 4288
2164 3468
2164 2879
2166 6889
2166 8716
2166 7137
2166 3440
2166 1343
2167 7044
2168 4664
2168 8216
2168 6416
2169 3031
2170 4190
2170 4316
2174 3735
2177 970
2184 1701
2185 392
2188 5869
2188 4625
2192 6739
2196 834
2196 7412
2198 1274
2202 6609
2203 4615
2204 7182
2209 3716
2214 6503
2216 743
2218 4854
2219 5062
2219 6767
2221 4345
2224 6947
2225 5684
2227 9141
2230 7241
2231 3500
2232 6779
2233 7406
2236 7326
2239 5410
2241 9146
2244 1596
2247 514
2250 6485
2250 785
2250 1768
2251 3057
2251 2031
2252 899
2253 8475
2253 6514
2254 4863
2254 2705
2255 8040
2256 6506
2258 3656
2258 457
2258 7292
2259 4545
2260 2695
2260 7341
2261 5591
2262 7785
2264 6916
2264 1736
2265 7110
2265 5586
2266 2139
2267 7482
2267 8059
2268 2056
2269 595
2270 9162
2272 8038
2275 5799
2276 2097
2277 4645
2279 4721
2284 5935
2284 2213
2286 6955
2287 967
2292 4482
2292 3853
2295 2309
2297 7366
2297 4481
2297 6235
2298 4404
2299 3641
2300 1228
2302 3655
2302 1
2304 3732
2305 74
2305 5761
2306 3537
2307 1226
2308 2050
2314 1803
2316 7835
2317 5128
2322 4007
2324 9224
2325 1971
2325 4058
2328 1054
2328 2729
2328 3750
2330 1853
2332 6512
2335 18
2339 9036
2340 2864
2343 6742
2348 3490
2349 3280
2351 5344
2352 7677
2353 5668
2357 1865
2357 6386
2358 5766
2358 3559
2360 410
2361 8782
2361 1736
2362 8415
2362 926
2364 5069
2364 656
2364 5632
2365 4458
2366 4625
2366 8464
2372 8440
2372 9984
2374 6874
2377 6122
2378 1725
2380 1228
2381 5141
2386 9282
2386 5617
2386 5833
2388 5757
2394 1826
2397 748
2400 5868
2403 7114
2405 4532
2405 3092
2405 2075
2408 4815
2409 3345
2411 5892
2412 1039
2413 3105
2413 135
2416 289
2417 8845
2419 5489
2421 9473
2422 7439
2422 7979
2422 5505
2423 4564
2424 4881
2425 5113
2427 5080
2431 5391
2434 3688
2437 3085
2440 4115
2441 9667
2441 7868
2441 4723
2448 6543
2448 9552
2450 3285
2450 2327
2451 950
2451 4365
2453 5724
2454 6912
2454 7068
2456 8931
2457 2884
2458 6823
2461 9810
2464 1581
2465 4905
2465 4586
2465 9621
2468 2175
2472 4862
2476 830
2477 5213
2480 986
2484 1075
2484 850
2484 947
2488 9379
2493 1325
2497 1752
2498 1897
2498 672
2498 1520
2499 9456
2499 3430
2500 6814
2502 758
2504 6548
2507 3241
2509 8039
2511 2695
2512 8942
2513 9324
2513 7366
2515 9252
2515 1809
2516 2078
2517 5507
2517 9603
2520 9516
2521 4628
2521 8733
2523 9616
2523 2147
2523 7095
2524 6553
2524 9194
2524 4170
2525 7305
2529 3321
2532 9969
2533 3719
2534 8545
2538 5389
2541 8482
2541 8321
2542 3795
2544 3346
2545 1417
2546 9708
2548 4186
2550 5983
2552 2926
2552 3850
2552 266
2553 1308
2555 3807
2555 4023
2556 8732
2556 9011
2557 4951
2563 356
2563 8052
2564 5812
2564 3548
2565 8166
2565 3090
2566 7551
2567 8827
2572 6266
2577 2107
2579 3319
2580 6148
2582 4284
2583 8457
2583 6698
2586 1317
2591 3381
2592 7473
2595 6376
2601 6432
2603 6679
2612 6425
2613 1653
2615 7687
2615 7568
2618 2429
2621 6985
2621 5512
2621 7481
2622 5330
2622 6134
2622 4225
2626 9738
2628 1928
2629 9470
2629 1897
2630 8705
2637 6656
2639 8734
2640 2052
2642 992
2642 8103
2645 8490
2648 3303
2649 8728
2652 1061
2653 2221
2653 6745
2657 3792
2658 4495
2660 3235
2661 2537
2663 64
2663 2434
2665 2200
2668 5705
2669 9307
2669 1468
2670 8875
2670 3761
2673 5804
2673 4339
2675 9085
2678 1850
2686 7816
2691 9714
2692 6946
2694 7086
2695 4298
2698 8479
2699 927
2700 4029
2704 8403
2704 760
2705 8489
2706 1267
2707 3265
2707 6207
2708 4090
2709 3334
2710 4609
2710 3038
2711 1600
2711 6850
2711 4363
2719 3855
2719 1358
2723 7293
2724 9052
2724 286
2730 4366
2732 8589
2734 5418
2734 7114
2734 7884
2739 1702
2744 7053
2744 4455
2745 9408
2746 6614
2747 8020
2748 9381
2749 8884
2750 1438
2752 65
2755 6856
2758 845
2758 7617
2759 569
2759 4776
2764 9376
2770 1295
2772 1850
2777 7159
2779 8868
2779 2738
2787 5820
2789 687
2790 8905
2791 523
2791 6817
2792 7053
2793 5994
2794 2325
2794 4415
2796 6617
2797 2651
2800 3704
2801 871
2801 5008
2804 4857
2805 6899
2806 3167
2809 7584
2817 6870
2819 6533
2820 1378
2821 6137
2822 7813
2823 7314
2823 774
2825 1319
2826 7065
2827 1749
2827 6201
2835 2994
2838 5778
2838 7810
2839 433
2846 7400
2847 6189
2849 6763
2850 4661
2851 8024
2852 1620
2855 6019
2858 9255
2860 4576
2860 4422
2861 4276
2862 7233
2862 9122
2862 3749
2863 1057
2866 9249
2867 8283
2868 4423
2869 4786
2873 8390
2874 4996
2874 9350
2875 9773
2875 1016
2876 7991
2878 6699
2880 5080
2882 6080
2885 1780
2888 6963
2889 1407
2890 8411
2893 4079
2894 7869
2896 1266
2897 8855
2899 7694
2904 5415
2907 782
2907 5436
2910 8559
2912 6112
2915 9433
2916 4107
2917 6614
2919 249
2921 3256
2923 2974
2925 3108
2926 1390
2932 8972
2932 3789
2936 9765
2937 472
2938 7174
2939 5752
2939 5653
2941 2312
2946 1237
2949 1281
2949 1196
2950 3925
2950 2340
2951 6179
2954 843
2954 5990
2956 8306
2957 1232
2959 5442
2959 7486
2960 4048
2960 4356
2960 8496
2961 6401
2962 5118
2965 2056
2966 8988
2966 8001
2966 2803
2967 8092
2968 170
2969 4040
2970 8517
2971 7671
2973 6544
2975 6193
2976 1474
2976 1330
2977 3180
2979 9232
2981 7901
2982 7346
2983 9034
2984 6036
2984 9552
2985 8428
2993 8514
2993 1370
2996 143
2998 605
3001 2488
3005 3300
3006 1034
3007 8345
3008 8369
3009 1817
3009 7494
3010 4559
3012 824
3018 9083
3018 2541
3019 6702
3019 1106
3020 7547
3021 9704
3021 2579
3024 2834
3025 8328
3026 9862
3027 4561
3027 4852
3030 9904
3032 2331
3032 4024
3035 1786
3036 5292
3037 2502
3038 7791
3040 6683
3040 7552
3040 9339
3043 8362
3045 9905
3045 5421
3045 2399
3047 4117
3050 5933
3051 8864
3051 6323
3053 8442
3054 6693
3055 9699
3055 9397
3056 4619
3057 2159
3060 5702
3060 476
3061 1022
3061 6365
3062 2341
3066 5861
3069 2022
3069 8529
3070 1199
3071 9347
3073 5205
3075 6763
3077 4651
3083 8040
3083 7808
3083 5413
3091 2105
3092 1767
3094 7569
3100 3439
3101 50
3105 3139
3108 9660
3108 1838
3109 1126
3111 9781
3117 2753
3119 8463
3120 7518
3129 4654
3132 1022
3132 9882
3137 3927
3139 7203
3140 9693
3142 4215
3146 6558
3146 8540
3146 3348
3151 2723
3155 9512
3155 9074
3155 8777
3157 5193
3161 3452
3163 2071
3163 4870
3163 3507
3168 9834
3170 2599
3173 2145
3174 8682
3176 8331
3177 9837
3179 2068
3185 1034
3186 1233
3192 5851
3195 3895
3196 1078
3198 9908
3200 58
3200 2144
3201 1503
3208 793
3212 7987
3213 150
3214 4283
3217 5796
3223 8891
3225 4257
3226 3772
3226 1873
3226 7837
3228 5795
3231 9716
3232 3531
3233 8526
3235 2300
3236 629
3240 3618
3246 2796
3250 7466
3251 7118
3251 8954
3253 8478
3256 5804
3256 6989
3256 1994
3257 8676
3258 8807
3260 5977
3262 499
3264 9287
3265 8178
3265 7034
3266 2803
3267 1085
3267 9106
3270 9997
3271 9882
3271 6614
3272 7468
3274 8117
3275 715
3281 3583
3282 5146
3286 5516
3287 8317
3289 3606
3292 4134
3292 379
3293 6583
3295 4861
3296 9075
3297 4489
3297 267
3298 750
3298 8681
3299 9145
3302 4408
3304 1480
3306 8454
3308 6372
3314 4462
3314 939
3316 1113
3316 6970
3317 9951
3324 6841
3325 8185
3330 1934
3331 949
3333 9059
3334 3554
3335 2818
3336 4047
3337 5202
3339 2345
3341 6137
3344 8673
3344 276
3346 1586
3347 1090
3347 1450
3348 6697
3348 132
3348 7346
3349 1877
3349 2372
3350 8659
3358 3486
3360 1497
3361 3276
3361 692
3363 4226
3367 4624
3367 5047
3368 1891
3371 2650
3373 8909
3375 3613
3380 2931
3382 9376
3382 3892
3383 7831
3384 6529
3384 8646
3384 7799
3386 3393
3386 1848
3387 7815
3389 3990
3391 1526
3393 5040
3393 1839
3400 736
3401 9614
3407 319
3407 389
3407 5821
3408 6253
3413 971
3413 9055
3413 6552
3417 8766
3418 2709
3419 9135
3421 3897
3423 3955
3427 7696
3429 9469
3430 9121
3430 7995
3433 8547
3439 7945
3440 6308
3442 3550
3444 3863
3450 9140
3452 5613
3453 9294
3454 3514
3455 1714
3455 6882
3455 9795
3461 5389
3462 412
3465 9944
3466 8548
3467 1868
3468 2582
3476 6219
3476 6950
3478 9016
3481 4417
3481 5795
3483 1662
3483 7523
3485 469
3486 9372
3486 9020
3490 2905
3493 525
3496 5025
3503 5361
3503 9568
3505 1276
3505 1949
3505 6034
3505 7877
3509 589
3511 8607
3512 1022
3515 950
3517 3918
3519 7107
3519 6862
3523 5771
3524 969
3525 4217
3526 2115
3530 5880
3534 5475
3536 7368
3536 3138
3537 7808
3537 8431
3538 6851
3540 1330
3540 1744
3545 3694
3545 1033
3545 8899
3546 6946
3552 9708
3554 4233
3556 4948
3560 6817
3561 8897
3567 9053
3568 9834
3568 2136
3571 1784
3575 778
3577 8796
3579 766
3586 7533
3589 626
3590 4465
3593 5111
3593 1355
3595 2513
3600 7303
3604 265
3605 8813
3608 7010
3610 3436
3616 7483
3617 9038
3622 4979
3623 690
3624 160
3624 7601
3625 8512
3628 8291
3629 2149
3631 7367
3632 8352
3635 4877
3635 210
3639 7044
3640 2066
3643 1490
3646 7771
3648 6630
3652 886
3656 6085
3656 3173
3663 7570
3666 8524
3666 8071
3669 9186
3670 2377
3670 2971
3673 34
3674 649
3676 4419
3682 3772
3685 211
3688 8093
3692 1716
3695 4296
3696 9306
3699 1886
3700 150
3701 4311
3704 4120
3705 782
3707 6544
3708 4664
3710 9961
3713 8119
3713 4010
3715 8221
3716 1676
3719 421
3720 5979
3720 5461
3720 1784
3725 9618
3726 3484
3727 5063
3728 7216
3730 8783
3731 6976
3733 4922
3735 1785
3736 3165
3738 6910
3738 8851
3739 8249
3740 976
3741 833
3744 868
3745 8883
3745 4488
3746 828
3747 9436
3748 4006
3750 2672
3750 3317
3750 5455
3753 5248
3753 5179
3754 969
3756 1919
3757 2371
3759 3746
3760 9005
3761 4749
3761 4603
3762 24
3763 3183
3765 9683
3765 5453
3770 6259
3770 5687
3771 2886
3776 3831
3778 5213
3778 2906
3779 6124
3780 55
3782 5531
3782 6016
3785 3222
3785 6290
3786 1849
3788 4922
3790 9056
3793 6166
3795 9017
3796 6882
3797 7853
3800 7052
3802 7020
3806 9603
3806 5415
3808 8137
3808 4328
3809 5582
3809 7128
3809 474
3810 983
3811 1518
3811 3614
3815 809
3815 1494
3816 4043
3816 103
3817 2752
3817 4703
3817 6599
3818 470
3819 7188
3820 1270
3821 5474
3822 4800
3823 4768
3825 5084
3826 9731
3827 9644
3830 8010
3831 643
3831 1474
3831 1481
3832 7420
3833 4550
3835 4876
3838 2802
3842 0
3845 8561
3845 6843
3846 9712
3846 7082
3848 115
3848 9519
3850 74
3851 3600
3851 9124
3852 4843
3852 760
3854 8663
3855 4593
3859 9809
3861 6342
3862 8267
3866 6372
3869 599
3870 8519
3870 1711
3870 4885
3870 7498
3871 2016
3874 6261
3875 1583
3876 381
3880 3540
3880 7567
3880 8894
3881 9275
3882 2974
3886 2660
3887 4654
3890 2040
3895 1308
3896 3483
3897 4531
3899 885
3899 7647
3906 240
3909 9860
3911 3814
3913 1282
3913 5920
3916 4247
3916 3500
3920 9348
3920 118
3923 4960
3923 7198
3929 1975
3930 1241
3934 9411
3935 2753
3937 199
3937 8832
3940 545
3941 677
3942 8583
3946 7985
3952 90
3958 4493
3959 6092
3959 4921
3963 5092
3969 5437
3969 2357
3979 5980
3979 3226
3984 6780
3985 2635
3988 9992
3991 7046
3995 1723
3995 6393
3995 209
3997 7858
3998 227
3999 1393
4000 6660
4002 8448
4003 6935
4003 6438
4004 3761
4005 2368
4006 3286
4010 2927
4012 6227
4013 1662
4018 8866
4019 8088
4021 4237
4022 6113
4023 602
4023 4838
4024 7493
4025 4579
4025 5645
4025 7420
4025 3983
4026 299
4029 5372
4031 9546
4033 3937
4033 7611
4035 3475
4036 5454
4038 992
4040 5734
4040 9088
4041 3986
4041 5624
4042 440
4043 688
4045 3438
4046 5350
4046 2999
4046 8060
4054 8171
4055 2304
4060 6811
4060 5950
4062 9569
4062 4903
4062 485
4065 4126
4069 4769
4070 3270
4071 8247
4072 2751
4073 4416
4074 3716
4075 6489
4075 7081
4077 4599
4079 7981
4086 2631
4088 8297
4088 4858
4089 7426
4090 1011
4090 7275
4092 1373
4092 817
4095 626
4101 3653
4101 339
4102 190
4105 6735
4105 3821
4106 5234
4107 8532
4115 3740
4115 3314
4115 5941
4115 6275
4116 3022
4120 9539
4122 6029
4122 6417
4123 5196
4123 2598
4126 3429
4127 9666
4128 5220
4130 4251
4132 1820
4134 3237
4135 1761
4143 2871
4143 5851
4144 9886
4145 388
4146 4524
4148 6178
4150 1167
4153 9819
4156 4740
4161 9727
4164 6091
4166 4141
4168 6845
4170 1255
4170 2163
4173 7270
4180 9053
4185 9412
4185 2083
4186 4574
4188 1508
4191 3982
4194 7904
4196 7120
4196 400
4196 4658
4201 9955
4202 1843
4202 3432
4202 5246
4204 2755
4206 5626
4207 6601
4208 4515
4210 1504
4212 5422
4213 4024
4214 7426
4214 2761
4214 7291
4215 1153
4216 4404
4217 2709
4220 5411
4222 1027
4223 7424
4227 4652
4227 4637
4230 6908
4231 2991
4232 8894
4235 2726
4235 2986
4237 1388
4240 6181
4240 2135
4241 1938
4241 9562
4244 2003
4245 3646
4248 4685
4248 7325
4250 8515
4251 6975
4253 4467
4257 8458
4259 6148
4262 7072
4262 3561
4262 8847
4265 440
4269 2762
4273 7673
4273 1448
4275 9915
4280 7254
4281 7920
4282 586
4282 64
4286 2870
4290 1071
4291 5102
4293 2906
4300 289
4300 1954
4301 628
4306 1606
4307 4519
4307 6979
4309 8620
4312 7297
4312 4238
4313 7993
4318 5317
4323 2129
4324 4843
4325 4481
4329 6817
4329 7161
4329 2535
4329 7713
4331 7933
4332 185
4333 7498
4335 3121
4335 2811
4341 4678
4342 4493
4343 2330
4344 185
4348 7639
4350 5805
4350 1847
4351 6752
4353 4335
4357 3474
4360 1816
4365 4726
4365 6499
4366 4948
4367 6666
4368 1564
4369 4999
4369 816
4370 6779
4370 1492
4374 9130
4377 9516
4378 6956
4379 8475
4383 9751
4386 5545
4388 6726
4389 6792
4394 770
4395 3993
4395 4916
4398 3975
4399 1736
4400 9660
4404 9093
4405 8981
4406 3537
4412 3820
4413 7311
4414 4235
4416 1953
4417 3635
4420 8560
4421 2576
4422 9880
4423 5204
4423 1540
4426 2446
4426 9432
4427 9727
4427 9593
4430 4120
4433 7732
4434 6631
4436 413
4439 4885
4440 9481
4441 4591
4441 512
4444 1363
4444 2121
4445 7358
4445 6554
4446 5250
4446 3303
4447 961
4450 6792
4456 4905
4456 4309
4456 7129
4461 8866
4465 8857
4468 8273
4468 2245
4473 2665
4475 7221
4476 4131
4478 6455
4479 1730
4481 7890
4482 102
4483 5679
4487 7925
4488 1278
4490 78
4490 3448
4497 799
4498 8352
4498 5234
4501 7120
4501 3967
4502 5036
4504 5479
4504 1462
4506 8764
4511 226
4517 3221
4521 2864
4522 9206
4526 6652
4526 381
4528 6746
4529 9427
4533 8700
4537 3802
4541 6543
4542 2492
4542 3733
4543 6195
4543 2865
4543 3189
4550 3652
4552 8773
4553 3703
4555 916
4555 9775
4555 9876
4559 8685
4562 7950
4563 1633
4564 7497
4566 1517
4567 7113
4569 5536
4570 3910
4571 2177
4572 2997
4575 203
4576 4137
4578 1155
4581 7107
4584 8623
4584 3126
4587 9653
4589 7738
4590 3250
4590 7701
4592 4829
4594 9235
4595 7083
4599 4403
4602 3604
4609 1072
4614 9219
4616 6384
4617 7259
4621 2584
4625 5354
4626 2343
4627 8184
4628 104
4631 2935
4631 6177
4632 5959
4633 6460
4638 7288
4638 5653
4640 5301
4641 9246
4641 8950
4643 4322
4643 6336
4645 2543
4646 1218
4647 4490
4649 3894
4649 5979
4650 4916
4652 5615
4653 4446
4656 1765
4659 6185
4663 5943
4663 7096
4664 569
4670 2703
4671 4630
4676 9622
4676 3251
4680 5587
4682 6071
4682 8897
4686 9417
4688 5584
4693 6987
4695 2279
4698 8003
4698 1594
4700 2125
4700 1346
4704 8842
4705 1089
4705 6455
4706 9608
4707 5159
4708 1533
4709 7245
4716 4752
4717 7884
4717 1038
4718 1685
4719 1471
4723 7244
4726 6385
4730 2143
4735 5427
4736 9048
4738 4602
4739 4435
4740 2168
4741 9523
4743 8308
4745 9698
4746 6763
4747 6926
4747 131
4749 8018
4751 4779
4751 6469
4752 4951
4756 592
4757 1810
4758 9964
4758 2137
4758 6445
4760 6478
4768 7045
4768 2805
4770 8033
4772 9504
4777 896
4779 8714
4780 4604
4781 4815
4783 6842
4783 4748
4783 5592
4783 6937
4783 9502
4785 432
4788 5223
4790 5558
4791 560
4793 7797
4798 9603
4799 2335
4800 7541
4802 905
4803 5327
4806 8385
4806 4123
4808 7815
4810 7055
4812 7880
4813 9679
4814 7841
4817 8727
4818 1651
4818 5799
4819 6846
4821 4228
4821 2472
4821 9746
4822 4011
4824 9395
4826 5746
4826 808
4826 6218
4827 7126
4828 3553
4832 4029
4832 6290
4833 8027
4834 9651
4836 8163
4838 8827
4842 5347
4843 2925
4844 2013
4845 5798
4846 4914
4847 393
4847 9360
4851 5859
4852 1107
4852 1725
4856 3812
4857 4476
4858 9182
4861 8701
4862 6511
4862 3814
4866 3949
4867 574
4868 2451
4869 3003
4869 6631
4876 6407
4876 4618
4877 6336
4878 5181
4880 1811
4880 5478
4880 3066
4883 9004
4885 8061
4891 2958
4892 1027
4893 1090
4896 5491
4896 1638
4898 4664
4900 6196
4905 7882
4911 2439
4912 2903
4913 6654
4914 9619
4915 789
4915 2427
4916 421
4918 2478
4920 1434
4921 6620
4922 5481
4923 6812
4923 2282
4923 6479
4924 3755
4927 4202
4934 9545
4934 5327
4942 8653
4944 9939
4944 4813
4944 5719
4945 3156
4946 992
4949 8566
4949 66
4953 7148
4954 2254
4954 6104
4955 3277
4956 476
4956 720
4961 8530
4962 8192
4962 4247
4962 5505
4964 8514
4966 5851
4967 3715
4968 6568
4969 7943
4969 8062
4970 5678
4971 8717
4972 9369
4975 1905
4979 2090
4980 7356
4981 1814
4981 6391
4982 2777
4984 894
4986 4810
4987 8450
4987 7148
4987 5126
4989 4904
4989 999
4991 4260
4993 2916
4994 5958
4995 1305
4996 7760
5000 5288
5000 7671
5000 421
5001 3317
5001 9219
5005 2735
5008 7684
5008 1976
5009 399
5010 530
5010 2589
5010 1272
5011 1553
5013 9695
5013 9973
5014 2089
5017 3738
5018 7765
5020 8607
5021 2226
5021 8411
5022 4612
5027 647
5030 7367
5030 5827
5030 4900
5032 4234
5037 1673
5039 237
5042 3413
5042 6133
5043 7534
5047 207
5048 9774
5051 6617
5051 5689
5053 2220
5053 6970
5055 4350
5056 6772
5056 2658
5061 2384
5061 9245
5063 838
5064 470
5065 5338
5066 6264
5068 253
5069 7758
5072 5895
5075 9114
5076 6508
5077 1206
5078 4197
5079 9325
5079 4265
5085 1857
5087 935
5089 4418
5089 5709
5090 8220
5091 41
5093 157
5095 3293
5098 2987
5098 2436
5100 4935
5104 6566
5105 5048
5106 6059
5108 8379
5108 1476
5109 5819
5109 2600
5110 260
5114 1006
5114 4566
5114 7554
5115 4803
5117 7265
5117 2363
5121 4781
5121 5500
5122 5635
5125 1991
5126 7270
5126 3672
5127 162
5127 7310
5127 4181
5128 571
5133 2689
5133 4677
5134 212
5135 6379
5136 2716
5137 7997
5137 9583
5138 8970
5138 5725
5139 7499
5139 4957
5141 1826
5141 8463
5144 4533
5147 1286
5149 191
5150 1081
5150 4087
5154 5920
5156 8783
5157 3015
5164 7526
5175 9973
5177 7543
5181 8934
5181 331
5181 2690
5181 4542
5183 6624
5184 8237
5185 4771
5186 8279
5187 4773
5189 47
5189 6967
5192 1834
5192 1213
5193 3113
5194 6478
5194 5089
5195 6739
5197 5969
5198 5971
5199 6937
5200 978
5204 6401
5206 6917
5206 3828
5207 7072
5208 1299
5212 191
5215 6021
5215 2231
5217 1163
5217 8883
5217 8985
5218 7658
5218 2366
5218 8470
5220 4795
5221 3924
5222 1170
5223 9184
5226 3055
5227 6884
5228 5978
5229 4343
5231 1867
5232 5683
5232 8222
5235 2382
5235 2940
5237 238
5240 6809
5240 3554
5243 7948
5249 829
5249 3073
5250 2923
5252 4876
5255 2401
5258 885
5259 6833
5259 6926
5261 6790
5261 6243
5262 7441
5263 9036
5264 1502
5264 8212
5265 6826
5267 5846
5268 2454
5268 7223
5271 3095
5272 9586
5274 8328
5278 8050
5279 9317
5283 3770
5285 6332
5286 452
5288 8728
5288 1463
5290 9868
5292 1324
5293 7910
5293 9479
5295 371
5295 46
5296 9805
5299 8555
5305 1462
5305 8909
5306 5819
5307 1728
5309 6483
5309 5030
5310 4767
5316 5625
5317 3499
5321 4489
5321 9232
5322 3077
5325 5405
5325 2595
5325 8446
5329 9051
5331 3279
5334 2786
5334 80
5335 1391
5336 5646
5336 2908
5338 4253
5339 170
5340 2096
5342 6734
5343 5789
5343 2747
5349 4674
5349 8415
5349 1408
5350 8029
5351 8074
5351 4048
5353 8978
5359 33
5365 445
5366 103
5369 4697
5371 4980
5371 9423
5374 3289
5375 5209
5375 3085
5378 6377
5378 8778
5379 8740
5379 4449
5384 3380
5387 4979
5389 4054
5389 851
5390 3229
5391 248
5393 4563
5393 2031
5398 7438
5399 917
5400 2935
5401 5750
5407 2762
5409 9604
5410 8763
5414 7881
5414 4923
5415 6991
5415 5186
5416 5476
5416 185
5418 971
5418 2421
5418 4109
5419 2843
5421 1161
5422 2129
5425 7233
5431 7923
5432 3294
5432 1329
5432 7021
5434 2471
5435 4696
5435 287
5437 7097
5437 1477
5438 5765
5439 1729
5440 9332
5449 176
5450 3093
5451 9648
5452 9121
5453 689
5454 8822
5459 918
5460 272
5460 5367
5465 309
5465 1502
5467 6625
5469 85
5469 803
5471 410
5472 7450
5472 304
5473 6156
5475 4981
5479 806
5480 310
5481 8123
5486 1517
5488 3322
5488 9569
5489 7352
5490 9072
5490 4038
5491 3701
5491 917
5492 8596
5492 2440
5493 1934
5495 5654
5498 4814
5501 5504
5503 6569
5503 8683
5505 9280
5505 120
5507 3647
5509 1928
5509 6908
5510 8650
5511 1883
5512 2494
5516 4897
5516 645
5517 5113
5519 8311
5523 5565
5524 1239
5525 3864
5530 602
5533 2404
5534 3418
5535 2355
5535 6571
5535 9678
5539 3431
5539 4623
5541 5395
5542 183
5546 8271
5548 5525
5548 949
5551 7917
5551 8263
5553 6486
5557 4164
5558 4374
5558 9154
5559 1879
5559 8494
5562 7380
5563 258
5564 9417
5566 5415
5568 3314
5569 3588
5574 1765
5574 9576
5575 5598
5575 4653
5576 3045
5576 959
5579 4644
5579 5744
5579 7705
5583 6997
5587 3785
5589 6616
5592 4505
5593 3062
5594 6916
5597 2740
5603 7446
5604 6654
5608 2525
5610 2159
5613 7722
5615 4344
5619 3812
5619 1426
5619 6720
5620 715
5621 702
5621 7312
5622 2528
5622 6963
5625 2237
5627 4823
5627 2081
5628 5690
5628 787
5630 1999
5631 7244
5632 7358
5634 5798
5634 3675
5637 6118
5638 1112
5639 7992
5639 6178
5640 5006
5641 4226
5643 4085
5643 4568
5643 8756
5643 5670
5645 86
5646 9391
5652 1971
5653 7827
5654 9082
5657 9193
5661 4340
5661 871
5667 4498
5672 4425
5674 8135
5676 5738
5676 389
5677 9883
5679 2972
5679 8604
5681 2989
5682 3947
5682 4849
5683 9319
5684 1906
5687 1577
5690 4607
5692 2515
5693 1484
5693 3123
5693 115
5695 1542
5695 9329
5697 3705
5698 5702
5701 1624
5703 9468
5703 3920
5707 2287
5707 5269
5712 9313
5712 2961
5716 7387
5716 7426
5718 6590
5720 6497
5723 4927
5723 9044
5724 7426
5727 6398
5730 1422
5730 3629
5730 1952
5731 2258
5732 9152
5734 2852
5736 3069
5736 5688
5736 5692
5737 9705
5739 124
5740 7603
5741 3932
5743 5311
5746 1500
5747 4320
5748 9707
5753 3892
5756 2839
5756 5764
5757 6995
5760 9478
5760 1765
5761 8307
5761 1378
5766 1726
5766 3361
5767 617
5768 2048
5768 2442
5768 9102
5769 3821
5771 584
5774 1367
5775 7124
5776 7914
5777 5060
5778 3182
5778 4038
5779 8915
5780 2360
5780 1573
5780 7628
5782 5047
5782 7898
5783 2384
5784 3578
5784 4939
5785 630
5786 3341
5788 8068
5792 6705
5792 8840
5794 9567
5797 855
5799 8183
5801 672
5802 5100
5805 8938
5805 2761
5807 7072
5807 6099
5808 5933
5809 7369
5809 4895
5810 1555
5811 5090
5814 9453
5815 6222
5815 4037
5815 5027
5817 8639
5818 1686
5818 1355
5818 8750
5821 4870
5821 7445
5822 5877
5824 1559
5825 4072
5825 5259
5827 4696
5830 7839
5832 3856
5832 7393
5833 7269
5833 2370
5833 9729
5835 9754
5835 3617
5838 2463
5838 5307
5839 931
5842 4697
5842 4079
5843 5032
5843 971
5844 1001
5844 7436
5845 5734
5850 2690
5851 2268
5854 5724
5856 6177
5859 935
5859 5075
5860 1385
5864 9128
5866 9144
5874 8142
5876 5232
5876 2970
5877 5195
5877 2659
5881 2170
5881 6638
5882 4650
5883 1170
5883 3141
5884 6095
5885 5788
5901 483
5901 222
5902 8475
5904 1235
5904 2503
5905 6967
5905 1617
5908 3309
5909 9422
5909 6188
5909 9815
5912 8666
5913 2761
5914 582
5915 8612
5916 276
5921 8122
5922 8748
5923 4390
5924 7531
5924 9144
5924 4696
5924 9470
5926 1106
5931 7054
5932 3363
5933 1945
5934 5389
5935 1626
5935 5788
5935 6586
5938 6560
5940 4557
5940 5917
5943 4838
5945 9800
5945 1644
5946 72
5948 1343
5949 3918
5949 6651
5952 5328
5953 1617
5954 3348
5958 4325
5959 992
5961 3301
5963 2521
5963 3588
5966 2738
5966 1582
5966 6918
5967 7232
5973 2237
5974 5423
5976 7712
5977 9790
5977 9753
5977 3513
5980 8704
5982 3999
5984 6503
5990 6904
5991 2110
5992 9586
5993 3825
5993 8606
5996 4056
5998 635
5998 3413
5999 9220
6001 4026
6010 5691
6013 5271
6014 8754
6014 2335
6015 8078
6016 4033
6018 6294
6019 4722
6019 347
6019 3322
6024 1834
6024 1729
6025 6571
6027 3004
6028 3710
6028 6146
6031 3581
6031 9702
6033 1093
6034 8830
6035 2857
6036 455
6036 8971
6037 3965
6041 716
6044 9942
6045 7258
6045 3437
6047 6743
6050 5729
6051 3645
6051 3771
6053 4643
6053 7600
6053 5703
6055 3275
6060 6608
6061 6681
6062 267
6062 23
6063 6485
6066 9976
6067 802
6069 2990
6069 6130
6071 4401
6072 2166
6073 4398
6078 8501
6079 1302
6083 9550
6085 3321
6085 4827
6092 6063
6096 6733
6096 5588
6097 6773
6099 5450
6100 669
6103 4960
6105 9834
6105 4882
6105 5668
6108 2706
6108 7070
6113 4887
6118 6641
6118 5726
6120 6890
6122 1154
6127 1905
6129 4337
6130 3294
6132 928
6135 1546
6136 5375
6136 8052
6136 5842
6138 6408
6139 6276
6139 4458
6139 4129
6141 3139
6142 2890
6143 4316
6145 638
6146 3878
6146 5240
6155 5753
6156 1358
6157 6066
6157 7461
6158 5348
6158 4220
6164 959
6167 3273
6170 3409
6171 3730
6175 2091
6176 6576
6177 3852
6178 7528
6178 6090
6179 5001
6180 1650
6182 9177
6184 512
6184 1895
6185 5344
6185 1194
6189 3703
6190 4729
6190 607
6190 33
6192 1830
6196 8501
6200 7062
6201 4351
6202 1120
6202 9801
6203 707
6204 4182
6206 602
6206 4153
6209 3908
6210 3715
6212 3874
6212 7399
6214 112
6215 2694
6219 9466
6219 6693
6221 5238
6222 6754
6225 5935
6229 4169
6230 4640
6231 1944
6232 9386
6234 6339
6236 9905
6237 801
6237 1693
6238 1210
6238 3628
6238 4051
6242 713
6244 9617
6245 7404
6246 6815
6253 7231
6253 7573
6257 4270
6258 9314
6261 6531
6262 5664
6266 5774
6266 9163
6270 3279
6273 7759
6278 8933
6281 7892
6284 2910
6284 6124
6285 8740
6293 4815
6298 8640
6299 8722
6301 1863
6301 7610
6304 7864
6310 9239
6312 2361
6314 559
6315 1564
6315 7472
6316 3396
6318 4578
6319 1775
6319 5840
6320 6474
6324 4255
6324 4403
6325 2132
6328 6756
6331 1985
6331 1471
6333 4527
6334 8508
6334 1535
6339 5225
6340 603
6346 4804
6348 6064
6350 4054
6350 2477
6351 2950
6351 8438
6353 9977
6354 7929
6354 7013
6358 3672
6359 6107
6359 9033
6360 5541
6367 2888
6367 8882
6367 1313
6368 6956
6369 3821
6373 8567
6376 1086
6376 9371
6376 3250
6377 9775
6382 5522
6383 7367
6385 237
6392 4219
6395 3642
6397 8043
6398 7434
6399 2351
6399 9872
6404 5598
6408 2208
6411 9886
6411 894
6412 993
6413 7695
6416 2446
6420 6785
6420 6755
6421 9283
6421 2897
6422 4437
6422 8019
6422 1328
6422 4885
6424 3642
6425 7927
6426 2592
6427 5198
6429 2338
6430 8220
6430 7340
6430 5980
6430 320
6430 8179
6434 7408
6434 5057
6436 3703
6440 6667
6443 3829
6444 9184
6444 3408
6445 3965
6446 262
6446 6534
6447 8591
6449 5076
6450 7508
6453 6529
6454 2147
6455 3331
6458 3708
6459 2469
6461 5717
6462 616
6463 5136
6463 9730
6464 214
6464 3757
6465 3253
6465 935
6466 2493
6467 2105
6467 8153
6470 3242
6471 5902
6472 7698
6480 6216
6481 6083
6487 3837
6489 3191
6492 7314
6498 5901
6500 4371
6501 1305
6501 8636
6501 7022
6504 4952
6506 2747
6508 8824
6508 1219
6509 3191
6511 1365
6513 7441
6517 7367
6517 3194
6518 5683
6519 762
6522 4658
6522 1308
6524 7085
6525 9584
6525 1907
6525 340
6527 4820
6527 9259
6528 2340
6528 7777
6532 6300
6535 6180
6536 9588
6537 6182
6540 9667
6541 9762
6541 380
6541 8807
6545 5992
6545 9997
6546 9566
6547 4082
6547 5073
6547 3084
6548 8899
6551 1622
6551 6636
6553 8114
6553 5057
6557 3669
6557 3701
6559 6505
6560 6921
6561 7742
6562 3317
6562 8205
6562 1720
6563 9442
6565 3251
6568 6316
6573 5772
6573 1754
6578 7965
6579 4796
6579 5026
6579 7842
6586 1496
6586 4811
6587 4144
6590 9674
6591 4601
6594 789
6596 15
6599 9279
6599 8790
6599 2030
6602 3788
6602 5607
6602 6612
6604 6162
6606 7375
6606 8202
6610 9958
6611 6985
6614 6393
6614 4869
6615 5166
6615 3594
6615 9673
6616 666
6617 569
6619 7476
6619 5562
6621 5908
6626 2245
6626 2835
6626 2637
6630 6356
6630 2039
6633 1023
6633 9449
6633 8086
6637 6092
6638 7089
6639 412
6639 4273
6640 8641
6643 1032
6644 5763
6645 3740
6646 6925
6646 2840
6650 8130
6652 9169
6654 46
6655 7809
6657 8437
6660 9516
6660 4425
6661 2591
6662 3844
6664 2129
6666 649
6667 6886
6668 788
6670 7530
6671 7330
6671 1563
6671 5649
6673 8406
6677 7148
6678 1799
6679 7791
6684 6774
6684 6977
6684 9897
6685 8794
6690 7839
6690 4487
6690 9420
6691 5520
6694 7559
6697 1017
6697 975
6697 3258
6697 8467
6700 8255
6700 7748
6702 1397
6705 8235
6712 5045
6715 8802
6716 3601
6718 4882
6725 1918
6730 3119
6731 3904
6734 738
6736 3055
6738 36
6743 8022
6744 3222
6744 3155
6745 710
6745 7535
6747 8130
6751 7535
6752 104
6753 525
6758 4028
6760 1165
6761 4933
6761 9337
6764 5102
6764 7471
6765 8025
6767 9547
6767 6363
6769 8498
6769 4083
6773 9316
6778 3839
6780 1843
6785 4923
6786 7538
6787 364
6788 9434
6791 7915
6793 9574
6793 7766
6794 8774
6794 1239
6797 4074
6802 1773
6806 5159
6807 2659
6809 5219
6811 3240
6811 8738
6813 6830
6816 5374
6817 2331
6817 8687
6821 1717
6821 1677
6822 168
6825 4185
6827 3029
6830 5406
6831 7139
6832 1570
6833 3946
6834 6722
6838 9112
6839 3483
6844 3830
6845 2470
6848 9401
6850 8648
6851 818
6852 6035
6853 5369
6854 3657
6856 9065
6858 8764
6858 3859
6859 417
6861 9333
6865 5644
6867 1769
6869 67
6869 8318
6870 6267
6875 2797
6876 4422
6880 7515
6881 2074
6883 5575
6884 4805
6886 540
6889 4447
6893 4136
6893 6602
6899 730
6900 5328
6900 2588
6902 7022
6902 2912
6903 7590
6909 6818
6909 8834
6910 3191
6911 8345
6914 1162
6916 3792
6919 9325
6920 4039
6925 6670
6927 8944
6927 5363
6927 5087
6929 980
6929 4057
6930 4625
6931 6875
6935 8967
6935 3155
6936 1635
6936 7887
6937 5026
6938 4737
6938 1748
6938 4843
6940 978
6943 9640
6943 3182
6944 4921
6944 2
6945 1645
6949 6518
6951 6964
6951 9361
6951 7013
6955 1901
6955 7444
6956 5516
6961 8028
6965 5765
6966 9457
6967 7202
6968 1705
6970 1475
6972 1102
6975 6011
6975 2191
6978 2079
6978 1615
6982 2736
6982 7696
6983 8147
6985 356
6985 4305
6987 2709
6995 2170
6996 7877
6996 8976
6999 7145
7000 6568
7002 2512
7002 8042
7003 2729
7006 8835
7007 2348
7009 5119
7009 1605
7010 2875
7013 262
7013 7927
7014 5467
7015 2863
7020 9242
7021 8918
7022 9956
7023 7269
7023 465
7025 9781
7026 9869
7029 2580
7030 5941
7030 6557
7031 8711
7032 843
7037 6548
7037 6424
7039 2438
7040 7404
7041 5116
7041 8193
7041 8425
7042 4704
7042 1036
7043 9243
7044 445
7046 8897
7047 2563
7048 7293
7049 7122
7051 230
7053 9710
7057 5702
7058 4284
7060 3091
7061 1032
7064 4120
7068 7256
7068 7309
7068 4065
7070 6116
7070 256
7071 7292
7072 7315
7074 4692
7078 1813
7080 2265
7080 1168
7083 5635
7084 7758
7084 5056
7088 4820
7091 5495
7091 3952
7091 678
7091 6250
7094 144
7094 6654
7094 5791
7096 4282
7096 9988
7097 9057
7099 7941
7099 238
7102 3289
7103 6252
7106 8380
7107 9884
7109 3438
7110 8316
7114 4746
7115 8252
7116 2469
7116 381
7122 7487
7124 611
7126 9754
7135 1371
7137 1671
7138 1286
7144 7739
7144 7296
7146 8712
7147 1413
7147 2171
7151 3074
7152 5998
7153 7782
7153 8527
7156 957
7156 8216
7157 7737
7158 1214
7159 7907
7159 6449
7159 3781
7160 841
7165 1071
7165 3869
7166 2586
7166 1575
7169 8522
7170 5177
7170 5852
7170 9128
7170 8319
7171 3597
7172 8435
7172 2739
7174 6010
7177 9451
7177 7359
7178 9872
7178 5477
7179 1966
7181 1751
7181 6568
7183 8813
7183 8668
7184 6877
7184 7891
7185 6071
7186 3155
7187 252
7189 4063
7191 8694
7192 3365
7197 7721
7200 559
7205 8726
7207 7868
7207 8422
7207 6739
7209 7125
7210 9366
7210 7576
7211 5826
7213 5205
7214 8448
7218 9978
7220 522
7227 3937
7231 798
7231 6363
7231 2536
7232 4136
7232 9610
7234 1655
7237 9016
7239 9367
7239 2161
7240 1962
7242 7006
7242 1046
7246 5680
7249 3339
7250 1828
7250 216
7251 9446
7252 2914
7253 5175
7256 7936
7257 6599
7257 2627
7258 9966
7259 3948
7260 7773
7262 9616
7262 1380
7262 9525
7265 2186
7265 5165
7277 3168
7278 2561
7278 5360
7278 8842
7280 4210
7281 9752
7283 6757
7285 7688
7285 6746
7288 9773
7289 146
7291 2025
7291 6214
7293 4994
7296 3009
7298 5534
7299 453
7299 2396
7301 1842
7301 6630
7302 3726
7306 7964
7307 1921
7308 5069
7312 2969
7314 1356
7319 6933
7321 5615
7324 7536
7328 7552
7329 8914
7329 1711
7331 9988
7334 382
7336 1936
7337 1771
7337 2458
7341 8092
7342 2546
7342 9484
7342 4101
7343 2114
7343 295
7344 3376
7347 7279
7348 16
7348 5709
7348 1730
7349 4056
7351 2217
7353 7378
7358 7772
7360 9383
7361 4157
7364 7786
7366 732
7368 9213
7371 650
7373 2060
7374 5318
7375 9949
7375 84
7376 1222
7380 2990
7380 8894
7381 4795
7382 9735
7383 4943
7383 3545
7384 7707
7386 7975
7387 7987
7387 7728
7388 4036
7389 469
7390 1013
7397 8895
7398 9462
7400 5246
7400 1904
7400 5883
7403 2177
7403 5878
7406 8328
7407 4918
7407 7385
7407 6211
7408 7813
7408 3712
7410 1840
7416 9978
7417 8785
7418 6647
7422 955
7424 1974
7432 3315
7435 3060
7435 5970
7437 1061
7437 775
7443 6092
7445 1917
7450 5650
7455 8805
7455 8562
7456 6194
7457 4927
7459 1207
7460 9098
7460 7665
7463 4898
7464 1311
7467 9052
7467 7164
7467 5830
7468 2248
7468 6418
7471 4668
7472 6506
7472 2004
7473 4033
7476 9845
7478 1072
7478 8542
7484 2674
7488 3332
7492 5930
7492 5153
7494 3390
7496 7515
7497 2677
7499 4913
7505 3555
7506 3153
7507 3565
7507 6549
7511 653
7512 2153
7513 3272
7513 4168
7513 2294
7515 1670
7517 4050
7518 4263
7521 1829
7522 2536
7525 1092
7525 5224
7526 6021
7530 5350
7533 2635
7533 5161
7535 2528
7536 8392
7538 6181
7542 3695
7544 7345
7545 5034
7547 4354
7551 5279
7551 546
7551 6662
7554 1531
7554 8946
7555 7753
7557 4034
7558 4025
7560 8290
7561 9936
7562 7559
7563 8744
7568 2381
7570 7439
7570 6186
7570 774
7571 6008
7573 8044
7573 8499
7574 2411
7577 1839
7579 1366
7580 8377
7584 2157
7585 3947
7586 9933
7586 2986
7591 8052
7592 4912
7593 4077
7593 6616
7593 8621
7594 8992
7599 4574
7599 3472
7601 449
7604 739
7604 3951
7605 6767
7608 1426
7609 7406
7610 3251
7611 3131
7612 5483
7613 5390
7615 210
7615 4918
7623 5192
7624 4240
7625 1060
7626 8949
7629 7721
7629 1590
7629 6488
7630 5913
7630 5405
7632 4995
7634 7756
7634 339
7637 2037
7639 7361
7639 2664
7640 9399
7641 5764
7641 1324
7642 6954
7643 8466
7647 4227
7647 3366
7649 6348
7651 7999
7653 8639
7660 4370
7660 5163
7661 3553
7666 2623
7672 176
7674 531
7676 8944
7679 80
7679 5376
7679 9877
7681 1365
7683 5476
7684 7918
7685 7948
7687 5612
7688 914
7688 6061
7688 8838
7689 7209
7689 4177
7690 9267
7690 5114
7694 8774
7695 1154
7696 3687
7696 2013
7699 5757
7700 6263
7703 2205
7704 7266
7705 306
7706 4399
7708 2562
7708 7518
7708 4190
7709 3303
7711 4965
7713 4037
7714 8634
7715 6076
7720 9531
7720 1080
7720 9463
7720 2047
7721 8545
7722 8699
7725 8884
7726 8052
7728 3255
7728 8092
7731 6190
7733 2289
7736 5555
7739 1013
7739 7498
7740 1152
7740 9747
7743 3937
7745 3765
7745 8547
7745 4778
7747 6893
7749 5818
7750 2561
7750 1245
7759 7782
7760 7097
7762 3671
7763 3130
7765 4549
7765 415
7765 2854
7766 9323
7768 7241
7768 3401
7771 2017
7771 4771
7773 2352
7774 9273
7777 6491
7777 8798
7778 9270
7778 2080
7778 3813
7780 7626
7781 7511
7784 6726
7784 6218
7784 9952
7785 8873
7787 1672
7788 9976
7788 2047
7791 2563
7794 7833
7794 5611
7799 1926
7801 5274
7805 4848
7811 6467
7814 5541
7815 8136
7821 2919
7823 3673
7823 1913
7833 9836
7834 7703
7834 4202
7835 4698
7839 8293
7841 3896
7842 5432
7842 7898
7845 7424
7845 7136
7849 7823
7849 3874
7850 595
7851 4729
7852 3664
7856 4467
7857 3842
7857 7410
7858 2606
7858 8472
7866 8397
7866 7242
7868 4671
7871 4132
7873 5597
7873 2711
7874 2526
7875 632
7875 6336
7877 2700
7878 5057
7879 6885
7879 9402
7884 6725
7886 741
7887 2451
7888 4705
7889 9622
7890 7886
7893 3518
7893 4017
7895 2090
7897 1513
7900 6497
7900 9656
7902 9894
7905 7380
7906 3430
7906 6840
7906 1736
7906 5720
7909 5530
7911 2499
7911 9936
7911 1202
7912 8490
7912 9
7915 108
7916 5962
7917 5082
7918 9137
7918 6842
7922 5803
7923 5972
7925 8153
7925 2613
7927 1592
7929 3836
7931 2242
7932 6617
7932 7680
7932 8633
7932 5142
7934 8402
7939 3653
7940 2584
7942 3984
7945 5892
7946 1512
7946 6815
7948 2342
7949 8110
7953 723
7956 7173
7957 6643
7957 8083
7961 5774
7961 4868
7962 8463
7964 3778
7965 9147
7966 333
7967 3137
7969 1913
7971 5048
7974 8142
7976 566
7976 3045
7977 7480
7979 6517
7982 6029
7983 1430
7985 1908
7990 8496
7990 7316
7991 3619
7993 7982
7996 2691
7998 208
8002 7852
8003 389
8003 1258
8007 1880
8008 9631
8009 5569
8009 9836
8012 614
8012 6115
8014 3447
8014 5979
8021 1703
8021 7982
8022 1346
8023 8385
8027 7612
8032 8588
8033 3080
8033 3171
8036 8399
8038 6935
8038 3597
8039 5190
8039 3538
8040 3443
8043 9546
8044 566
8046 7020
8048 7999
8048 1782
8048 7964
8049 8425
8050 4525
8050 225
8051 155
8054 7809
8057 2195
8058 2925
8059 478
8065 6870
8068 6629
8070 4456
8072 3706
8074 2281
8074 4588
8075 7
8077 4961
8082 5510
8083 3821
8083 8689
8085 7311
8086 6877
8090 7406
8090 2975
8092 9492
8093 7637
8093 2375
8093 1110
8096 2915
8096 4328
8097 6792
8098 1569
8099 9867
8099 4872
8100 9662
8100 4354
8103 1278
8104 648
8104 3333
8107 2993
8107 8182
8108 5267
8109 8505
8110 7349
8115 475
8117 1043
8119 7357
8119 9287
8119 7665
8119 4943
8120 4280
8120 2111
8121 4234
8122 1505
8122 9469
8123 4502
8124 7121
8127 6017
8131 5045
8135 1312
8136 6636
8139 6939
8141 1035
8142 9225
8143 8696
8143 6760
8146 6065
8149 7866
8150 8821
8153 6470
8153 9693
8156 4502
8157 6366
8158 69
8159 8221
8160 8241
8163 9943
8165 8626
8167 4047
8168 9887
8169 193
8171 1210
8173 1690
8173 2718
8174 3493
8175 6165
8176 59
8179 2164
8181 2880
8182 8229
8183 9681
8185 557
8185 8576
8185 762
8187 3565
8189 5507
8189 6532
8191 4998
8193 5237
8197 1390
8200 3390
8201 966
8203 5626
8204 1084
8205 1797
8206 4497
8206 1219
8208 2299
8209 4993
8215 813
8218 7749
8220 7126
8222 5657
8225 3162
8225 4461
8227 6797
8227 8919
8228 9173
8228 6432
8231 1386
8232 8241
8238 3356
8239 6290
8240 2404
8241 1920
8241 7168
8242 4723
8243 9922
8243 548
8244 1180
8244 1598
8247 1654
8248 1673
8251 77
8253 8254
8254 1873
8256 5165
8257 4108
8258 1357
8258 7943
8259 9682
8260 9741
8260 5528
8264 1332
8265 726
8267 6198
8270 6001
8273 3290
8277 4848
8279 9751
8285 9354
8285 7663
8289 4438
8290 8804
8291 3174
8292 8160
8294 7584
8294 5468
8295 7276
8295 6148
8300 8621
8301 9086
8306 898
8308 2441
8310 8281
8310 431
8311 956
8312 866
8313 4598
8316 71
8318 2186
8322 8361
8325 2282
8332 5835
8335 6190
8335 8796
8336 9056
8336 6928
8338 669
8339 6364
8340 1910
8341 5106
8343 5205
8344 9113
8344 5265
8349 3242
8349 3073
8351 3220
8351 9737
8353 5024
8356 9939
8358 7582
8358 1449
8359 8910
8368 4493
8370 8323
8371 7925
8371 4876
8373 5637
8377 7216
8382 2005
8382 6444
8383 7286
8385 1983
8389 111
8390 6129
8390 1210
8392 3889
8398 9235
8398 4859
8400 4958
8404 2350
8409 1328
8409 6785
8410 1451
8416 4955
8417 5313
8419 9410
8427 4406
8431 3724
8432 9605
8436 3572
8436 3628
8437 3350
8438 7039
8440 6120
8441 675
8441 930
8442 9731
8442 7684
8448 6379
8448 8597
8451 839
8453 9944
8453 9160
8454 2995
8455 7067
8455 7049
8457 4296
8458 5446
8462 9671
8462 8461
8463 1410
8463 8794
8463 7520
8464 5994
8466 744
8467 7619
8467 7027
8469 5500
8470 1889
8471 2057
8473 8400
8485 8874
8487 1310
8489 3422
8491 9364
8492 6453
8494 4298
8495 760
8495 1227
8496 1101
8502 2104
8503 4238
8504 9701
8505 8903
8505 5962
8506 9524
8506 9766
8509 4878
8510 836
8512 4703
8514 4426
8515 875
8516 6117
8517 9485
8517 6350
8518 61
8520 1066
8521 9155
8523 2965
8524 4495
8527 9325
8528 3819
8529 8260
8531 1817
8535 4471
8535 741
8538 3360
8540 9478
8541 5991
8545 4104
8548 2044
8553 2944
8558 1366
8562 865
8562 4658
8562 3079
8562 9805
8564 1807
8565 243
8566 8412
8571 7071
8571 4788
8571 6637
8571 8291
8573 3605
8578 4141
8578 385
8578 5789
8581 5375
8582 9729
8584 46
8586 670
8588 1147
8589 3633
8590 4411
8590 9059
8591 4236
8591 7649
8593 9738
8596 4441
8597 1397
8597 6583
8598 579
8598 8928
8599 5732
8601 2470
8602 6793
8602 914
8603 7968
8604 4024
8605 2817
8605 8934
8606 3260
8608 692
8610 4861
8615 5154
8617 3005
8618 9236
8621 1743
8622 6793
8624 4110
8625 3695
8628 5307
8628 1785
8629 3685
8630 7268
8630 876
8632 3002
8634 4471
8635 7799
8635 7966
8637 795
8638 6224
8639 8545
8639 2300
8641 8878
8646 5973
8650 5490
8651 9652
8651 8486
8653 4213
8655 9692
8658 828
8660 3157
8660 9662
8660 1312
8663 3650
8665 6825
8666 6294
8667 1117
8668 6664
8668 3713
8670 1783
8670 5204
8671 7465
8672 6417
8673 3041
8673 6710
8677 6380
8677 8501
8678 117
8680 8638
8680 6608
8681 2384
8683 4196
8684 1856
8685 7292
8689 4542
8691 1939
8691 8336
8702 3149
8704 3231
8705 8446
8709 3535
8709 7366
8709 4742
8711 5547
8713 1181
8716 1035
8718 863
8719 9667
8719 1014
8721 1459
8722 5139
8723 5988
8727 7104
8729 6465
8730 7915
8730 6045
8737 4503
8739 4601
8740 2659
8740 8110
8744 9776
8747 9722
8749 1108
8750 8258
8751 5561
8756 76
8756 7937
8756 6626
8757 7646
8758 3227
8759 5733
8759 6937
8760 3023
8760 7458
8761 8770
8762 6009
8763 8365
8764 1771
8765 3744
8766 8113
8767 3380
8767 902
8768 7269
8770 9549
8770 6715
8770 1447
8775 407
8776 8305
8776 7744
8776 6303
8779 2523
8779 7560
8780 1868
8782 7488
8784 4119
8787 5142
8790 6343
8790 1320
8790 3602
8793 1591
8798 784
8800 7224
8801 1555
8802 6016
8804 3207
8805 8153
8807 772
8808 8780
8811 1423
8811 4737
8812 1681
8813 5652
8813 1843
8814 1617
8815 6687
8815 3757
8815 7739
8816 2701
8819 2243
8819 3413
8821 34
8821 470
8825 5198
8826 6723
8827 1916
8829 5060
8829 3235
8830 4454
8830 7691
8835 5790
8836 771
8837 3011
8837 7525
8838 7817
8840 434
8840 1941
8841 6563
8841 4813
8841 7935
8843 3623
8844 1893
8847 2438
8848 7060
8849 3026
8849 1378
8849 793
8850 6073
8853 9786
8854 5984
8854 1919
8855 8349
8856 1995
8857 7205
8860 9757
8862 5821
8863 4969
8867 7941
8868 7815
8872 1080
8873 1371
8873 3041
8873 1515
8874 7045
8874 720
8876 9808
8876 9192
8877 4248
8880 9280
8880 6553
8880 3624
8880 7816
8883 129
8885 3682
8886 6267
8886 1097
8888 8527
8892 7207
8892 6401
8893 2503
8897 4482
8898 6254
8902 2273
8905 6038
8906 682
8906 8213
8907 5718
8907 3194
8908 3872
8913 5529
8914 9467
8916 1438
8918 1795
8920 8763
8922 8558
8922 4469
8923 9810
8926 6562
8926 7877
8928 3037
8929 6022
8934 4071
8937 5984
8940 8221
8941 314
8945 1878
8946 5611
8947 7167
8949 6169
8949 7691
8951 7288
8952 8533
8958 7824
8959 9016
8959 9070
8960 6147
8961 4522
8963 9442
8964 1575
8966 7134
8967 1728
8972 1964
8972 8317
8974 5711
8975 7448
8977 4852
8977 7260
8982 4861
8983 9955
8985 5562
8985 9370
8986 575
8987 1976
8988 9918
8988 3882
8991 3139
8991 5920
8992 934
8995 8357
8995 9217
8996 7213
8998 306
8998 3719
9000 8743
9000 2444
9001 6777
9003 6999
9003 1127
9004 8964
9004 8546
9005 8069
9005 1085
9010 4104
9012 2841
9012 3155
9013 444
9014 6600
9016 3204
9017 9284
9019 4464
9019 3599
9020 2091
9023 9098
9023 7326
9025 4685
9027 1107
9027 8530
9031 2665
9032 4687
9033 2232
9034 9641
9036 3583
9036 4066
9037 2837
9038 2466
9038 1414
9040 9872
9040 55
9042 8689
9043 4859
9043 447
9044 28
9044 2877
9046 5211
9050 2305
9058 2909
9060 1223
9061 457
9062 7032
9062 7225
9063 8517
9066 9669
9067 1076
9068 2577
9071 1151
9072 2580
9074 6986
9074 5990
9075 9396
9075 6398
9075 9843
9075 8513
9076 1701
9076 3768
9077 6114
9077 5434
9081 5815
9083 3272
9083 6517
9086 5692
9087 4864
9088 3804
9088 3968
9089 929
9089 3527
9089 7969
9090 5263
9090 6476
9092 4764
9095 690
9099 1040
9100 5059
9101 8817
9101 8026
9102 2038
9102 2967
9104 8705
9104 9558
9106 7890
9106 1002
9107 4963
9111 539
9111 2695
9118 1431
9119 7356
9119 9384
9121 8303
9122 9528
9124 1922
9125 8828
9128 6507
9129 9689
9131 5895
9133 9152
9138 513
9138 8551
9139 280
9141 6901
9141 2303
9142 7594
9143 9138
9144 2144
9145 5435
9145 4954
9148 3617
9149 7509
9155 8801
9156 7981
9156 9551
9159 8359
9161 7796
9161 455
9162 3928
9162 553
9166 8279
9166 1214
9170 1966
9171 3044
9172 610
9173 9471
9173 3018
9173 3110
9174 179
9175 6914
9175 926
9176 1410
9177 6890
9178 6541
9180 2870
9181 8832
9182 9851
9184 6477
9186 3896
9187 603
9187 7786
9188 7643
9195 5576
9201 9157
9203 9983
9204 1010
9205 7068
9206 8366
9209 917
9210 6688
9211 7216
9212 5620
9213 3863
9213 9743
9216 5580
9217 7728
9219 5845
9219 5833
9221 7917
9227 7446
9228 2616
9228 3898
9229 6714
9237 6106
9237 1955
9239 1045
9239 7548
9245 7541
9246 4665
9249 6393
9250 3739
9250 5293
9253 6559
9255 8020
9258 88
9258 7252
9258 3034
9260 1446
9260 4685
9261 5015
9263 1792
9263 2898
9263 8886
9265 6854
9267 8222
9268 594
9269 2604
9271 4473
9272 9448
9273 9408
9274 9289
9274 37
9275 7209
9275 1328
9277 8572
9278 8705
9279 9775
9280 9897
9281 5775
9282 5812
9283 8977
9285 4317
9287 3334
9288 4762
9289 2481
9289 5736
9290 6711
9290 8799
9293 2140
9297 4828
9301 2345
9301 3791
9304 2950
9305 3273
9308 7145
9309 7456
9310 2739
9314 4754
9314 3155
9316 4088
9317 3199
9318 6052
9319 5198
9320 7532
9321 2779
9323 8175
9325 8374
9326 2807
9330 5127
9331 7792
9332 4273
9332 3177
9335 6496
9336 5546
9336 57
9337 1394
9338 3291
9338 3222
9338 9164
9340 5086
9344 9760
9346 6056
9347 7769
9347 9214
9349 3405
9350 4065
9351 7503
9352 4028
9352 8997
9353 2245
9354 707
9354 5322
9360 9847
9361 2217
9361 5634
9361 137
9362 1263
9367 97
9367 4998
9368 5442
9374 4130
9377 6717
9377 4059
9380 8146
9385 715
9386 4468
9390 8730
9393 2121
9394 2596
9395 8009
9396 5216
9397 2733
9398 7443
9400 5920
9400 4968
9401 6017
9405 8385
9405 5385
9406 5410
9406 1763
9408 2471
9411 7066
9413 4862
9414 9137
9415 6674
9415 7534
9416 2203
9416 80
9417 3711
9419 1142
9419 2751
9422 7899
9425 4940
9425 7631
9426 8853
9426 1547
9428 7823
9428 4685
9428 3997
9433 2626
9434 7912
9434 6014
9435 8039
9436 4493
9436 9009
9438 7961
9441 3570
9443 5954
9443 7825
9447 3532
9448 4595
9448 5478
9448 9542
9450 5046
9451 9524
9452 8925
9453 4698
9453 5440
9453 5042
9454 8365
9456 7449
9456 8012
9458 5173
9459 120
9463 366
9465 2735
9465 2291
9465 3671
9467 2838
9473 7708
9473 4973
9474 5252
9474 4808
9475 8265
9477 5754
9481 8211
9481 6088
9483 8990
9483 3640
9484 9454
9485 1542
9485 9858
9486 1595
9490 5461
9492 2387
9494 997
9494 8663
9494 51
9498 82
9498 1895
9500 9720
9500 9538
9506 132
9508 9061
9508 9500
9510 4133
9512 2417
9514 454
9515 3604
9517 8901
9518 2705
9519 5555
9523 6260
9526 3517
9530 5379
9534 6618
9535 7408
9535 7874
9535 6811
9538 5004
9542 6080
9543 4294
9544 9103
9545 4439
9545 4471
9547 9598
9551 8707
9552 6341
9552 6042
9553 4459
9554 5124
9555 739
9556 881
9556 373
9560 6926
9564 6637
9567 449
9573 5998
9574 9091
9575 1328
9576 4778
9577 472
9580 631
9581 4308
9582 1429
9582 1713
9583 2087
9585 9435
9585 251
9586 8341
9588 7448
9588 7220
9591 8719
9593 3916
9595 6744
9596 2217
9597 721
9598 4912
9600 8118
9601 2267
9604 1458
9605 6580
9608 7626
9609 9258
9609 7640
9609 2335
9610 2293
9611 7362
9614 2783
9614 2201
9614 3038
9614 1296
9619 6589
9620 7399
9623 7640
9625 5887
9625 8957
9628 7766
9629 3911
9631 4309
9635 2480
9640 6614
9641 666
9641 5598
9642 2430
9644 8865
9645 6609
9647 504
9649 7690
9649 1403
9650 2902
9651 5182
9653 919
9653 6849
9654 4944
9656 4007
9656 7003
9664 8545
9665 7776
9666 4566
9666 7350
9667 6713
9669 1231
9671 3748
9685 3079
9689 625
9691 5889
9693 7817
9694 4648
9698 8552
9698 5638
9701 1174
9702 8217
9704 5107
9704 6719
9708 4383
9710 8096
9710 9226
9710 7225
9712 8128
9713 4776
9715 30
9720 4799
9721 1395
9723 7647
9725 5643
9725 6905
9726 9414
9726 1667
9728 5394
9728 5934
9730 660
9730 8959
9731 9036
9734 330
9736 3420
9736 9090
9739 16
9744 2121
9745 4324
9746 4941
9746 8917
9747 2871
9748 779
9752 8034
9754 2501
9757 2513
9760 3078
9761 2566
9761 5554
9763 3740
9766 3295
9767 1274
9767 7748
9770 9451
9771 9431
9773 2647
9775 5135
9776 2484
9777 5285
9777 1836
9781 268
9781 5295
9784 5383
9786 5713
9786 9023
9786 53
9788 4170
9788 6538
9789 6382
9789 5051
9791 8389
9792 6810
9799 6281
9800 1645
9804 3362
9804 7263
9805 9158
9805 8993
9810 612
9810 3248
9812 1603
9812 9396
9812 2547
9813 3035
9815 6420
9817 7353
9819 9914
9821 2816
9822 1824
9824 5556
9826 8608
9827 3148
9829 6335
9829 3224
9830 4915
9831 5434
9831 5595
9832 664
9835 4376
9835 7834
9837 9069
9838 9780
9841 646
9842 9567
9842 4684
9847 6414
9850 1205
9850 9430
9852 6134
9855 3821
9858 3046
9859 7788
9860 7986
9860 8946
9861 6523
9863 2262
9864 7066
9864 4853
9865 4768
9865 7673
9866 5833
9869 1799
9870 7917
9870 1077
9872 517
9873 997
9876 7341
9876 7572
9876 1076
9876 7899
9877 1925
9879 6298
9879 1492
9880 7110
9882 3623
9882 1056
9883 3743
9884 2376
9889 8410
9895 8999
9897 2674
9900 9338
9901 349
9902 6148
9904 8196
9904 3173
9906 5030
9910 658
9912 8071
9914 3238
9917 4872
9917 7846
9921 7210
9922 819
9924 9919
9924 9963
9929 9565
9931 4148
9933 1639
9934 2408
9937 5540
9938 4282
9942 1188
9942 2466
9944 3859
9945 7815
9947 4386
9950 8538
9950 293
9956 9782
9957 4233
9958 794
9959 3141
9959 6198
9960 6496
9962 9077
9963 9688
9965 4940
9967 6181
9967 5609
9967 9892
9970 5373
9972 7736
9973 3650
9974 893
9975 9013
9978 7690
9979 5800
9979 4546
9979 129
9980 1913
9984 5139
9985 3826
9987 3660
9990 5166
9992 2578
9993 6867
9996 1975
9996 4509