6
9
8
7
4
0
3
1
5
2
5
11
15
17
22
23
25
27
30
31
37
44
48
50
54
55
56
58
63
70
72
74
75
77
80
83
88
90
91
94
96
99
93
87
47
12
97
46
61
7
26
62
95
82
76
36
38
98
49
33
42
52
73
34
89
13
57
35
16
78
66
21
69
65
81
41
24
14
86
43
39
59
53
19
32
18
40
67
85
79
20
60
84
64
68
51
28
71
10
92
29
45
9
8
4
5
6
8
10
11
12
13
20
21
22
26
29
31
35
38
39
42
43
44
48
49
52
54
56
60
62
63
68
70
73
75
79
81
83
87
89
91
92
93
94
95
96
98
99
100
101
105
106
107
109
110
113
114
116
119
121
122
123
126
127
128
130
133
134
136
138
139
141
145
147
148
149
151
152
156
158
159
161
163
164
165
166
167
169
171
173
174
175
177
178
180
181
182
184
186
187
188
189
192
194
195
196
197
198
200
201
202
204
205
206
213
217
218
219
220
221
223
224
229
231
232
233
235
236
239
241
242
244
245
246
247
250
255
257
259
261
263
264
269
270
271
273
274
275
277
278
279
281
284
285
288
290
292
294
297
298
300
301
302
303
305
308
311
313
315
316
317
321
322
323
324
325
326
327
329
334
335
336
337
338
341
342
343
344
348
350
351
352
353
355
357
358
359
361
362
363
365
367
368
369
370
372
374
375
376
377
378
383
384
386
387
390
395
396
397
401
402
403
404
405
406
408
409
411
416
418
419
422
423
424
425
426
427
429
435
436
437
438
439
441
442
446
450
451
458
459
460
461
463
464
466
468
471
473
480
481
482
484
486
487
489
490
491
492
493
495
497
498
500
501
503
506
507
508
509
510
511
515
516
518
519
521
524
526
527
533
534
535
537
538
541
542
543
547
549
550
551
552
554
555
556
558
561
562
563
565
568
570
572
576
577
578
580
581
583
585
587
588
590
591
593
596
597
598
600
601
604
606
608
609
613
615
618
619
620
621
622
623
624
627
633
634
636
637
639
640
641
642
651
652
654
655
657
659
661
662
663
667
668
671
673
674
676
679
680
681
683
684
685
686
691
693
694
695
696
697
698
699
700
703
704
705
706
709
711
712
714
717
718
719
722
724
725
728
729
731
733
734
735
737
740
742
745
746
747
749
751
752
753
754
755
756
757
759
761
763
764
765
767
768
769
773
776
777
780
783
786
790
791
792
796
797
800
804
805
807
810
811
812
815
821
822
825
826
827
831
832
835
837
840
842
844
846
848
852
853
854
856
857
858
859
860
862
864
869
870
872
873
874
877
878
879
880
882
883
884
887
889
890
891
892
895
897
900
901
903
904
906
907
908
909
910
911
912
913
915
920
921
922
924
925
932
936
937
938
942
943
944
945
946
948
951
952
953
954
958
960
962
963
964
965
972
973
974
977
979
981
982
984
988
989
991
994
996
998
1000
1003
1004
1008
1009
1012
1015
1018
1019
1020
1021
1024
1026
1028
1029
1030
1031
1037
1041
1042
1044
1047
1048
1049
1050
1051
1052
1053
1058
1062
1065
1067
1068
1069
1070
1073
1079
1087
1088
1091
1094
1095
1096
1099
1103
1104
1109
1111
1115
1116
1118
1119
1121
1122
1123
1125
1128
1129
1130
1132
1133
1134
1135
1137
1138
1139
1140
1141
1144
1145
1146
1148
1150
1156
1157
1158
1159
1160
1166
1171
1172
1173
1175
1176
1177
1178
1182
1183
1184
1185
1186
1187
1189
1190
1191
1192
1193
1195
1197
1198
1200
1201
1203
1204
1208
1209
1211
1212
1215
1216
1217
1220
1221
1224
1225
1229
1230
1236
1238
1240
1242
1246
1247
1248
1249
1250
1251
1252
1253
1254
1256
1259
1260
1261
1264
1265
1268
1269
1273
1275
1279
1280
1283
1284
1287
1288
1289
1290
1291
1292
1293
1294
1297
1298
1300
1303
1304
1306
1307
1309
1314
1315
1316
1318
1321
1322
1323
1326
1331
1333
1334
1335
1336
1337
1338
1339
1340
1341
1342
1344
1347
1348
1349
1350
1351
1352
1354
1359
1361
1362
1364
1368
1369
1372
1374
1375
1376
1377
1379
1381
1383
1384
1387
1389
1392
1396
1398
1399
1400
1404
1405
1406
1411
1415
1416
1418
1420
1421
1424
1425
1427
1428
1432
1433
1435
1436
1437
1439
1441
1443
1445
1453
1454
1455
1456
1457
1460
1461
1464
1465
1466
1467
1469
1470
1472
1473
1478
1482
1483
1485
1487
1488
1489
1491
1493
1495
1498
1499
1501
1506
1507
1509
1510
1511
1514
1516
1519
1521
1522
1523
1524
1525
1527
1528
1529
1530
1532
1534
1536
1537
1538
1539
1541
1544
1545
1548
1549
1550
1552
1554
1556
1557
1558
1560
1561
1562
1565
1566
1567
1568
1571
1572
1574
1576
1578
1579
1584
1587
1588
1589
1593
1597
1599
1602
1604
1607
1608
1610
1611
1612
1613
1614
1616
1618
1619
1621
1623
1625
1627
1628
1629
1630
1631
1632
1634
1636
1637
1640
1641
1642
1643
1646
1647
1648
1649
1652
1656
1657
1658
1659
1660
1663
1664
1665
1666
1668
1669
1674
1675
1678
1679
1682
1683
1687
1688
1689
1691
1692
1694
1696
1697
1699
1700
1704
1706
1707
1708
1709
1710
1712
1715
1718
1719
1722
1724
1731
1732
1733
1734
1735
1737
1738
1741
1742
1745
1746
1747
1750
1753
1755
1756
1757
1758
1759
1762
1764
1766
1770
1772
1774
1776
1777
1778
1779
1781
1787
1788
1790
1791
1793
1794
1796
1798
1800
1801
1802
1804
1806
1808
1812
1815
1818
1819
1821
1822
1823
1825
1827
1831
1832
1833
1835
1837
1841
1844
1845
1846
1851
1854
1855
1858
1860
1861
1864
1866
1869
1870
1871
1872
1875
1876
1881
1882
1884
1885
1887
1888
1890
1892
1894
1899
1900
1902
1903
1909
1911
1912
1914
1915
1923
1924
1929
1930
1931
1932
1933
1937
1940
1942
1943
1947
1948
1950
1951
1956
1957
1958
1959
1960
1961
1963
1965
1968
1969
1970
1972
1973
1977
1978
1979
1981
1982
1984
1986
1987
1988
1989
1990
1992
1993
1998
2000
2001
2002
2006
2007
2008
2009
2010
2011
2012
2014
2019
2020
2021
2023
2024
2026
2027
2028
2029
2032
2033
2034
2035
2036
2041
2042
2043
2045
2046
2049
2051
2053
2054
2055
2058
2059
2061
2062
2063
2065
2067
2069
2070
2073
2076
2077
2082
2084
2085
2092
2093
2094
2095
2098
2099
2100
2101
2102
2103
2106
2108
2109
2112
2116
2117
2118
2119
2120
2122
2123
2124
2126
2127
2128
2130
2131
2133
2134
2138
2141
2142
2146
2148
2150
2152
2154
2155
2158
2160
2162
2165
2167
2172
2173
2174
2176
2178
2179
2180
2181
2182
2183
2184
2185
2187
2188
2189
2190
2192
2194
2196
2197
2202
2204
2206
2209
2210
2212
2214
2215
2216
2218
2219
2222
2223
2224
2225
2227
2228
2229
2230
2233
2234
2235
2236
2238
2239
2240
2241
2246
2247
2249
2250
2251
2252
2253
2256
2257
2259
2260
2263
2264
2266
2269
2271
2272
2274
2275
2276
2277
2278
2280
2283
2284
2285
2286
2288
2292
2295
2296
2297
2298
2302
2306
2307
2308
2310
2311
2313
2314
2315
2316
2317
2318
2319
2320
2323
2324
2326
2328
2329
2332
2333
2334
2336
2337
2344
2346
2347
2349
2353
2354
2356
2358
2359
2362
2364
2365
2367
2373
2374
2378
2379
2380
2383
2385
2386
2388
2389
2390
2391
2392
2393
2394
2395
2397
2402
2403
2405
2406
2407
2409
2410
2412
2413
2414
2415
2416
2418
2419
2420
2422
2423
2424
2425
2426
2428
2432
2433
2435
2437
2443
2445
2447
2448
2449
2450
2452
2456
2459
2460
2461
2462
2464
2467
2468
2473
2474
2475
2476
2479
2482
2483
2485
2486
2489
2490
2491
2495
2496
2497
2498
2500
2505
2506
2507
2508
2509
2510
2511
2514
2516
2517
2519
2520
2522
2524
2527
2529
2530
2531
2534
2538
2539
2540
2542
2544
2549
2550
2551
2552
2553
2554
2555
2556
2557
2558
2559
2560
2564
2565
2567
2568
2569
2570
2572
2573
2575
2581
2583
2585
2587
2590
2593
2594
2597
2601
2603
2605
2607
2608
2609
2610
2611
2612
2614
2615
2617
2618
2619
2620
2621
2622
2624
2628
2629
2630
2632
2633
2634
2636
2638
2639
2640
2641
2642
2643
2645
2646
2649
2652
2653
2655
2656
2657
2661
2662
2663
2666
2667
2668
2669
2670
2671
2673
2675
2676
2679
2680
2681
2682
2684
2685
2686
2687
2688
2692
2693
2698
2699
2702
2704
2707
2708
2710
2712
2713
2714
2715
2717
2721
2722
2724
2725
2727
2728
2730
2731
2732
2734
2741
2742
2743
2744
2745
2749
2750
2754
2756
2757
2758
2759
2760
2763
2765
2766
2767
2768
2769
2770
2771
2772
2773
2774
2775
2776
2781
2782
2784
2785
2787
2788
2789
2790
2791
2792
2793
2794
2795
2798
2799
2800
2801
2806
2809
2810
2812
2813
2814
2815
2819
2820
2821
2822
2823
2824
2825
2826
2827
2828
2829
2830
2831
2832
2833
2836
2842
2845
2846
2847
2848
2849
2851
2853
2855
2858
2859
2860
2862
2866
2867
2868
2869
2872
2874
2876
2878
2881
2882
2883
2885
2889
2891
2892
2893
2894
2895
2899
2900
2901
2904
2907
2911
2913
2917
2918
2920
2921
2924
2928
2929
2930
2932
2933
2934
2936
2937
2939
2941
2942
2943
2945
2946
2947
2948
2949
2952
2954
2956
2957
2960
2962
2963
2966
2973
2976
2977
2980
2981
2982
2983
2984
2985
2988
2992
2996
2998
3000
3001
3006
3007
3008
3010
3012
3013
3014
3016
3017
3020
3021
3025
3027
3028
3030
3032
3033
3039
3040
3042
3047
3048
3049
3050
3051
3052
3053
3054
3056
3058
3059
3061
3063
3064
3065
3067
3068
3070
3071
3072
3075
3076
3081
3082
3083
3086
3088
3089
3097
3098
3099
3100
3101
3103
3104
3106
3107
3109
3112
3114
3115
3116
3117
3118
3120
3122
3124
3125
3127
3129
3132
3135
3136
3142
3143
3144
3146
3147
3151
3152
3154
3158
3159
3160
3161
3163
3164
3166
3169
3170
3172
3175
3176
3178
3179
3181
3184
3185
3186
3187
3188
3190
3192
3195
3196
3197
3198
3200
3202
3203
3205
3206
3208
3209
3210
3211
3212
3213
3214
3215
3216
3217
3218
3223
3225
3228
3230
3232
3233
3236
3239
3244
3245
3246
3249
3252
3254
3257
3259
3261
3262
3263
3264
3266
3268
3269
3271
3274
3278
3281
3282
3283
3284
3287
3288
3296
3297
3298
3299
3302
3305
3306
3307
3308
3310
3311
3312
3313
3316
3318
3320
3323
3325
3326
3327
3328
3329
3330
3335
3336
3337
3340
3342
3347
3349
3351
3352
3353
3354
3355
3357
3358
3359
3364
3367
3368
3370
3371
3372
3373
3374
3377
3378
3379
3382
3383
3384
3385
3386
3387
3388
3391
3392
3394
3395
3397
3398
3399
3400
3402
3403
3404
3406
3407
3410
3411
3412
3414
3415
3416
3417
3419
3424
3425
3426
3427
3428
3433
3434
3435
3441
3442
3445
3446
3449
3450
3453
3454
3455
3456
3457
3458
3459
3460
3461
3462
3463
3464
3465
3466
3467
3469
3471
3473
3476
3477
3478
3479
3480
3481
3482
3485
3487
3488
3489
3491
3492
3494
3495
3496
3497
3498
3501
3502
3503
3504
3505
3506
3508
3509
3510
3511
3512
3515
3520
3521
3522
3523
3526
3528
3529
3533
3534
3539
3541
3542
3543
3544
3547
3549
3551
3556
3557
3558
3560
3562
3563
3564
3568
3569
3571
3574
3575
3576
3577
3579
3582
3584
3585
3586
3587
3589
3590
3591
3592
3593
3595
3596
3603
3607
3608
3609
3610
3611
3612
3615
3616
3620
3621
3622
3625
3626
3627
3630
3631
3632
3634
3636
3637
3638
3639
3644
3648
3649
3651
3658
3659
3662
3663
3665
3666
3667
3668
3670
3674
3676
3677
3678
3679
3680
3681
3683
3684
3686
3690
3691
3693
3696
3697
3698
3699
3700
3702
3707
3709
3714
3717
3718
3720
3721
3722
3723
3725
3727
3728
3729
3731
3734
3737
3741
3742
3745
3751
3752
3753
3754
3756
3758
3759
3760
3762
3763
3764
3766
3767
3769
3775
3777
3780
3782
3783
3784
3786
3787
3790
3793
3794
3796
3797
3798
3799
3800
3801
3803
3805
3806
3808
3809
3810
3811
3815
3816
3817
3818
3823
3824
3827
3832
3833
3834
3838
3841
3843
3845
3846
3847
3848
3849
3851
3857
3858
3860
3861
3862
3865
3866
3867
3868
3870
3873
3875
3876
3877
3879
3880
3881
3883
3884
3885
3886
3887
3888
3893
3899
3900
3901
3902
3906
3907
3909
3912
3913
3914
3915
3917
3919
3921
3922
3923
3926
3930
3931
3933
3934
3935
3936
3938
3940
3942
3943
3945
3950
3953
3954
3956
3957
3959
3960
3961
3962
3963
3964
3966
3969
3970
3971
3972
3973
3974
3978
3979
3981
3985
3987
3988
3989
3992
3994
3995
3996
3998
4000
4001
4002
4004
4005
4009
4012
4013
4014
4015
4016
4018
4019
4020
4021
4022
4030
4031
4032
4041
4042
4044
4045
4046
4049
4052
4053
4055
4061
4062
4064
4067
4068
4069
4070
4073
4075
4076
4078
4080
4084
4086
4089
4091
4092
4093
4094
4095
4096
4097
4099
4100
4102
4105
4106
4111
4112
4113
4114
4118
4122
4124
4125
4127
4128
4135
4138
4139
4140
4142
4143
4147
4149
4150
4152
4154
4155
4156
4158
4160
4161
4162
4165
4166
4167
4171
4173
4174
4175
4176
4179
4183
4184
4187
4188
4189
4191
4192
4193
4194
4195
4198
4200
4201
4203
4204
4206
4207
4208
4209
4212
4214
4216
4218
4221
4222
4223
4224
4229
4230
4231
4232
4239
4241
4242
4243
4244
4245
4249
4250
4252
4254
4256
4258
4259
4261
4262
4264
4266
4267
4268
4269
4272
4274
4275
4277
4278
4285
4286
4287
4289
4292
4293
4297
4299
4300
4302
4303
4304
4306
4307
4310
4312
4313
4314
4315
4318
4319
4323
4326
4329
4330
4331
4332
4334
4336
4338
4341
4342
4346
4347
4348
4349
4353
4355
4357
4358
4359
4360
4361
4362
4369
4372
4373
4375
4377
4378
4380
4381
4382
4385
4387
4389
4391
4392
4393
4394
4395
4396
4397
4400
4402
4405
4407
4409
4412
4413
4414
4420
4421
4424
4427
4429
4430
4431
4432
4433
4434
4436
4440
4442
4443
4444
4448
4450
4451
4452
4453
4457
4460
4463
4466
4470
4472
4474
4475
4477
4478
4479
4480
4483
4484
4485
4486
4491
4492
4496
4499
4500
4501
4504
4506
4507
4508
4510
4511
4512
4516
4518
4520
4521
4526
4529
4530
4535
4536
4538
4540
4541
4543
4544
4547
4548
4551
4552
4553
4554
4555
4556
4558
4560
4565
4567
4569
4570
4571
4572
4573
4575
4577
4580
4581
4582
4583
4584
4585
4587
4589
4590
4592
4597
4605
4606
4608
4610
4611
4613
4614
4616
4617
4620
4621
4622
4626
4627
4632
4634
4635
4636
4638
4639
4641
4642
4646
4647
4649
4655
4656
4657
4659
4660
4666
4667
4669
4670
4672
4673
4675
4676
4679
4680
4681
4683
4688
4689
4690
4693
4694
4699
4700
4701
4702
4706
4707
4708
4709
4710
4711
4712
4713
4714
4715
4716
4717
4719
4720
4724
4725
4727
4728
4730
4731
4733
4734
4735
4736
4738
4739
4741
4743
4744
4745
4747
4751
4755
4756
4757
4758
4760
4761
4765
4766
4770
4772
4774
4775
4777
4780
4782
4783
4784
4785
4787
4789
4790
4792
4793
4797
4798
4802
4806
4807
4809
4812
4816
4817
4818
4819
4822
4825
4826
4830
4831
4832
4833
4834
4835
4836
4837
4839
4840
4841
4842
4844
4845
4846
4847
4850
4851
4856
4860
4865
4867
4871
4873
4874
4875
4879
4880
4883
4884
4886
4888
4889
4890
4891
4892
4894
4896
4899
4901
4902
4906
4907
4909
4910
4911
4917
4919
4920
4924
4925
4926
4928
4929
4930
4931
4932
4934
4936
4937
4938
4942
4945
4946
4947
4949
4950
4953
4956
4959
4962
4964
4966
4970
4971
4972
4974
4975
4976
4977
4978
4983
4984
4986
4987
4988
4990
4991
4992
4997
5000
5002
5003
5005
5007
5009
5010
5011
5012
5014
5016
5017
5018
5019
5020
5021
5022
5023
5029
5031
5033
5037
5038
5039
5041
5043
5044
5050
5053
5054
5055
5058
5061
5065
5066
5067
5068
5070
5071
5072
5074
5077
5078
5079
5081
5083
5088
5091
5093
5094
5095
5096
5097
5098
5099
5103
5104
5105
5108
5109
5110
5112
5115
5120
5121
5122
5123
5125
5129
5130
5131
5132
5133
5134
5137
5138
5140
5143
5144
5145
5147
5148
5149
5150
5152
5155
5156
5157
5158
5160
5162
5164
5167
5168
5169
5170
5171
5172
5174
5176
5178
5180
5183
5184
5185
5187
5188
5189
5191
5194
5197
5200
5201
5203
5206
5208
5210
5212
5214
5215
5217
5221
5222
5227
5228
5229
5231
5233
5235
5236
5239
5241
5242
5243
5244
5245
5247
5249
5251
5253
5255
5256
5257
5258
5260
5261
5262
5264
5266
5268
5272
5273
5276
5277
5280
5281
5282
5283
5284
5286
5287
5289
5290
5291
5294
5297
5298
5299
5300
5303
5304
5305
5306
5308
5309
5310
5314
5315
5316
5319
5320
5321
5323
5325
5326
5329
5331
5333
5334
5335
5336
5337
5339
5340
5341
5342
5343
5345
5346
5349
5351
5352
5353
5355
5356
5357
5358
5359
5362
5364
5365
5366
5368
5370
5371
5377
5378
5381
5382
5384
5386
5387
5388
5392
5397
5398
5399
5400
5401
5403
5404
5407
5408
5409
5412
5414
5417
5419
5420
5424
5425
5426
5428
5429
5430
5431
5433
5438
5441
5443
5444
5445
5447
5448
5449
5451
5452
5457
5458
5459
5460
5462
5463
5465
5466
5469
5470
5471
5472
5473
5482
5484
5485
5486
5487
5493
5494
5496
5497
5498
5501
5503
5506
5509
5511
5513
5514
5515
5517
5518
5519
5521
5523
5526
5527
5532
5533
5535
5538
5539
5542
5543
5548
5549
5551
5553
5557
5559
5564
5566
5568
5570
5571
5572
5573
5574
5577
5578
5579
5581
5583
5585
5589
5590
5593
5599
5600
5601
5602
5603
5604
5605
5606
5614
5616
5618
5619
5621
5622
5623
5627
5628
5629
5630
5631
5633
5636
5639
5640
5641
5642
5647
5648
5651
5655
5656
5658
5659
5660
5661
5662
5663
5665
5666
5667
5669
5671
5672
5673
5674
5676
5681
5685
5686
5693
5694
5695
5696
5697
5699
5700
5701
5706
5707
5712
5714
5715
5716
5721
5722
5723
5727
5728
5730
5731
5735
5737
5739
5740
5741
5742
5743
5745
5747
5749
5751
5755
5756
5758
5762
5768
5769
5770
5773
5777
5779
5780
5781
5782
5784
5785
5786
5787
5793
5794
5801
5806
5807
5808
5809
5810
5811
5813
5814
5816
5817
5822
5823
5825
5828
5831
5837
5838
5839
5841
5843
5844
5847
5848
5849
5850
5854
5855
5856
5857
5858
5860
5862
5863
5864
5865
5866
5867
5870
5871
5873
5874
5875
5876
5879
5881
5882
5884
5885
5886
5888
5890
5891
5894
5896
5897
5899
5904
5905
5906
5907
5910
5911
5912
5914
5915
5916
5918
5919
5921
5923
5924
5925
5926
5927
5928
5929
5931
5936
5937
5938
5940
5945
5947
5948
5949
5951
5952
5953
5955
5956
5957
5960
5961
5964
5965
5967
5968
5974
5975
5976
5982
5985
5986
5987
5989
5993
5996
5997
6000
6003
6004
6006
6007
6013
6015
6018
6020
6023
6024
6026
6028
6030
6032
6033
6037
6040
6041
6043
6044
6046
6049
6050
6051
6053
6055
6057
6058
6060
6062
6067
6068
6069
6070
6072
6074
6075
6077
6078
6079
6082
6084
6087
6089
6093
6094
6096
6097
6100
6102
6103
6105
6108
6110
6111
6119
6121
6123
6125
6126
6127
6128
6131
6132
6135
6136
6138
6139
6140
6142
6143
6144
6145
6150
6151
6152
6153
6154
6155
6157
6158
6159
6160
6161
6163
6164
6167
6168
6170
6171
6172
6174
6175
6176
6183
6184
6187
6197
6199
6200
6203
6204
6205
6206
6208
6209
6210
6212
6213
6217
6220
6221
6225
6226
6228
6229
6230
6231
6232
6233
6234
6236
6237
6238
6239
6240
6241
6242
6244
6245
6246
6247
6248
6251
6255
6256
6257
6258
6265
6268
6269
6270
6272
6273
6274
6277
6278
6279
6280
6282
6283
6284
6285
6288
6289
6291
6292
6293
6295
6299
6301
6302
6304
6305
6307
6309
6310
6311
6313
6314
6315
6317
6318
6319
6320
6321
6322
6324
6325
6326
6329
6330
6331
6333
6334
6337
6338
6340
6344
6345
6347
6349
6351
6353
6354
6355
6357
6358
6359
6360
6361
6367
6368
6369
6371
6373
6374
6375
6378
6381
6383
6387
6389
6392
6394
6395
6397
6399
6400
6402
6403
6404
6405
6406
6409
6410
6411
6412
6413
6415
6421
6422
6426
6427
6428
6430
6431
6433
6434
6435
6436
6437
6439
6440
6441
6442
6443
6446
6447
6448
6450
6451
6452
6454
6456
6457
6458
6459
6461
6462
6463
6464
6466
6468
6471
6472
6473
6475
6480
6481
6482
6484
6487
6492
6493
6494
6495
6500
6501
6502
6504
6509
6510
6515
6516
6519
6520
6521
6522
6524
6525
6526
6527
6528
6530
6535
6536
6537
6539
6540
6542
6545
6546
6547
6550
6551
6555
6556
6561
6564
6565
6567
6570
6572
6573
6574
6575
6577
6578
6579
6581
6582
6584
6585
6587
6588
6591
6592
6593
6594
6595
6596
6597
6603
6604
6605
6606
6607
6610
6611
6613
6615
6619
6621
6622
6623
6627
6628
6632
6633
6639
6640
6642
6644
6648
6649
6650
6653
6655
6657
6658
6659
6661
6663
6665
6668
6669
6671
6672
6673
6675
6676
6678
6680
6682
6684
6686
6689
6690
6691
6692
6695
6696
6700
6701
6703
6704
6706
6707
6708
6709
6712
6716
6718
6721
6724
6727
6728
6729
6730
6731
6732
6736
6737
6738
6741
6747
6748
6749
6750
6751
6753
6758
6759
6761
6762
6764
6766
6768
6769
6771
6775
6776
6778
6781
6782
6784
6788
6789
6791
6794
6795
6796
6798
6799
6800
6801
6802
6803
6804
6806
6807
6808
6816
6819
6820
6821
6822
6824
6827
6828
6829
6831
6832
6834
6835
6836
6837
6838
6839
6844
6847
6848
6852
6853
6855
6857
6858
6859
6860
6863
6864
6865
6866
6868
6869
6871
6872
6873
6876
6878
6879
6880
6881
6883
6887
6888
6891
6894
6895
6896
6897
6898
6902
6903
6907
6909
6911
6913
6919
6920
6922
6923
6924
6927
6929
6930
6931
6932
6936
6938
6940
6941
6942
6943
6944
6949
6951
6952
6953
6957
6958
6959
6960
6961
6962
6965
6966
6968
6969
6971
6972
6973
6974
6978
6980
6983
6984
6988
6992
6993
6998
7000
7001
7004
7005
7007
7008
7009
7011
7012
7014
7015
7018
7019
7024
7025
7026
7029
7030
7031
7033
7035
7036
7037
7038
7040
7041
7042
7047
7048
7050
7051
7056
7057
7058
7059
7061
7063
7064
7069
7073
7074
7075
7076
7077
7078
7079
7080
7084
7087
7088
7090
7092
7093
7098
7099
7101
7102
7103
7105
7106
7108
7109
7111
7112
7115
7116
7117
7119
7127
7130
7131
7132
7133
7135
7140
7141
7142
7143
7146
7147
7149
7150
7151
7152
7153
7154
7155
7156
7157
7158
7160
7162
7163
7166
7169
7170
7171
7172
7175
7176
7177
7178
7179
7180
7181
7183
7184
7185
7186
7187
7190
7191
7192
7193
7194
7195
7196
7197
7199
7200
7201
7204
7206
7208
7211
7212
7214
7215
7217
7218
7219
7222
7226
7227
7228
7229
7230
7234
7236
7237
7238
7239
7240
7243
7247
7248
7249
7250
7251
7253
7255
7257
7261
7262
7264
7267
7271
7272
7273
7274
7277
7278
7280
7281
7282
7284
7285
7287
7289
7295
7298
7299
7300
7301
7302
7304
7306
7308
7313
7317
7319
7320
7321
7322
7323
7324
7327
7328
7329
7331
7332
7333
7334
7335
7336
7337
7338
7339
7342
7343
7344
7347
7348
7351
7354
7355
7360
7364
7365
7370
7371
7372
7374
7376
7377
7379
7381
7382
7383
7384
7386
7389
7390
7391
7395
7397
7398
7401
7402
7405
7407
7409
7411
7413
7415
7416
7417
7419
7421
7422
7425
7427
7428
7429
7430
7431
7432
7433
7435
7437
7440
7447
7451
7452
7454
7455
7459
7460
7463
7467
7469
7470
7474
7475
7477
7478
7479
7484
7485
7489
7490
7491
7492
7496
7500
7501
7502
7504
7506
7507
7512
7513
7514
7516
7517
7519
7521
7524
7527
7529
7537
7539
7540
7542
7544
7545
7546
7550
7553
7555
7556
7557
7558
7561
7562
7563
7564
7566
7571
7574
7575
7577
7578
7579
7580
7581
7585
7587
7588
7589
7591
7595
7596
7597
7598
7599
7602
7604
7605
7607
7608
7609
7613
7614
7615
7616
7618
7620
7621
7622
7623
7624
7625
7627
7629
7632
7633
7634
7636
7638
7641
7642
7644
7645
7648
7650
7651
7652
7653
7654
7655
7656
7657
7660
7661
7662
7664
7666
7669
7670
7672
7674
7675
7676
7678
7679
7681
7682
7683
7685
7686
7689
7692
7693
7697
7699
7700
7702
7704
7706
7710
7711
7714
7715
7716
7717
7718
7719
7720
7723
7724
7725
7726
7727
7729
7730
7731
7733
7734
7735
7740
7741
7743
7746
7750
7752
7754
7755
7762
7763
7764
7767
7768
7774
7775
7778
7779
7780
7781
7783
7784
7789
7790
7793
7794
7795
7798
7800
7801
7802
7803
7804
7805
7806
7807
7811
7812
7814
7818
7819
7820
7822
7826
7828
7830
7832
7836
7838
7840
7843
7844
7845
7848
7849
7850
7854
7855
7857
7859
7860
7861
7862
7863
7865
7867
7870
7871
7872
7873
7875
7876
7878
7879
7885
7888
7889
7893
7894
7895
7896
7897
7900
7902
7903
7905
7908
7909
7913
7916
7919
7921
7922
7924
7928
7930
7931
7932
7934
7938
7939
7940
7942
7944
7946
7947
7949
7951
7952
7953
7954
7955
7956
7957
7962
7963
7967
7971
7972
7973
7974
7976
7977
7978
7980
7983
7988
7989
7990
7994
7996
7998
8000
8002
8004
8005
8006
8007
8008
8011
8013
8015
8016
8017
8021
8023
8030
8031
8035
8036
8041
8045
8046
8047
8048
8049
8051
8053
8054
8056
8057
8058
8065
8066
8067
8070
8072
8073
8075
8076
8077
8079
8080
8081
8082
8084
8085
8087
8089
8090
8091
8094
8095
8097
8098
8099
8100
8101
8102
8104
8107
8108
8109
8111
8112
8116
8120
8127
8129
8131
8133
8134
8138
8139
8141
8143
8144
8148
8149
8150
8151
8152
8156
8157
8159
8161
8162
8164
8165
8167
8168
8169
8170
8172
8173
8174
8176
8177
8180
8181
8186
8187
8188
8189
8190
8191
8194
8195
8197
8198
8199
8201
8203
8204
8207
8209
8210
8214
8215
8218
8219
8223
8224
8225
8226
8227
8228
8230
8231
8232
8233
8234
8236
8238
8239
8240
8242
8244
8245
8250
8251
8253
8256
8257
8259
8261
8262
8264
8266
8269
8270
8272
8274
8275
8276
8278
8282
8284
8285
8286
8287
8288
8289
8292
8294
8295
8296
8300
8301
8302
8304
8309
8310
8312
8313
8314
8315
8320
8322
8324
8325
8329
8332
8333
8334
8335
8337
8338
8340
8342
8343
8344
8346
8347
8348
8350
8351
8353
8354
8355
8356
8358
8360
8363
8364
8367
8370
8371
8372
8373
8375
8378
8381
8382
8383
8384
8386
8387
8388
8391
8393
8394
8395
8396
8398
8401
8404
8405
8407
8408
8409
8413
8414
8416
8417
8419
8420
8421
8423
8424
8426
8427
8429
8430
8432
8433
8434
8441
8443
8444
8445
8447
8449
8451
8452
8453
8455
8456
8459
8460
8462
8465
8469
8471
8473
8474
8477
8480
8481
8483
8485
8487
8488
8491
8492
8493
8495
8502
8503
8504
8506
8507
8509
8511
8516
8520
8521
8523
8525
8528
8534
8535
8536
8537
8539
8541
8543
8549
8550
8553
8554
8556
8557
8563
8564
8565
8568
8570
8571
8573
8574
8575
8577
8578
8579
8580
8581
8582
8584
8586
8590
8592
8593
8594
8595
8598
8599
8600
8601
8603
8605
8609
8610
8611
8613
8614
8615
8616
8617
8618
8619
8624
8625
8627
8628
8630
8631
8637
8642
8643
8644
8645
8647
8649
8652
8654
8655
8656
8657
8658
8660
8661
8662
8664
8665
8667
8669
8670
8671
8672
8674
8675
8677
8678
8679
8680
8684
8686
8688
8691
8692
8693
8695
8697
8698
8702
8703
8706
8708
8709
8710
8713
8715
8720
8721
8723
8724
8725
8729
8731
8735
8736
8737
8739
8741
8742
8745
8746
8747
8749
8752
8753
8755
8757
8758
8759
8761
8762
8765
8767
8768
8769
8771
8772
8775
8776
8779
8781
8784
8786
8787
8788
8789
8791
8792
8793
8795
8797
8803
8806
8808
8809
8810
8811
8812
8814
8815
8818
8819
8820
8823
8825
8826
8829
8831
8833
8836
8837
8839
8841
8843
8844
8846
8848
8849
8850
8852
8854
8858
8860
8861
8862
8863
8867
8869
8870
8871
8872
8877
8879
8880
8881
8885
8887
8888
8889
8890
8892
8893
8896
8898
8904
8906
8907
8908
8911
8912
8913
8916
8920
8922
8923
8924
8926
8927
8930
8932
8935
8936
8939
8940
8941
8943
8945
8947
8948
8951
8952
8953
8955
8956
8958
8960
8961
8962
8963
8965
8966
8968
8969
8973
8974
8975
8979
8980
8982
8983
8989
8991
8994
8995
8998
9001
9002
9003
9006
9007
9008
9010
9012
9014
9015
9018
9019
9021
9022
9024
9025
9026
9027
9028
9029
9030
9031
9035
9037
9040
9042
9043
9045
9046
9047
9049
9050
9054
9058
9060
9062
9063
9064
9066
9067
9068
9071
9076
9078
9079
9080
9081
9084
9087
9089
9092
9094
9095
9096
9097
9099
9100
9101
9104
9107
9108
9109
9110
9111
9115
9116
9117
9118
9119
9120
9125
9127
9129
9132
9133
9134
9136
9139
9142
9143
9148
9150
9151
9153
9156
9159
9166
9167
9168
9170
9172
9174
9175
9176
9178
9180
9181
9183
9185
9187
9188
9189
9190
9191
9195
9196
9197
9198
9199
9200
9201
9202
9203
9204
9205
9207
9208
9209
9210
9211
9212
9215
9216
9218
9221
9222
9223
9227
9228
9229
9230
9231
9233
9234
9237
9238
9240
9241
9244
9247
9248
9250
9251
9253
9254
9256
9257
9260
9261
9262
9263
9264
9265
9269
9271
9272
9274
9276
9277
9278
9281
9285
9286
9288
9290
9292
9293
9295
9297
9299
9300
9301
9302
9303
9304
9305
9308
9309
9310
9311
9312
9315
9318
9320
9322
9326
9328
9330
9331
9334
9335
9336
9341
9342
9345
9346
9349
9351
9352
9353
9355
9357
9359
9362
9365
9368
9373
9374
9375
9377
9378
9380
9382
9385
9387
9388
9389
9390
9392
9393
9394
9398
9400
9403
9404
9405
9406
9407
9409
9415
9416
9418
9419
9421
9424
9425
9426
9428
9429
9437
9438
9439
9440
9441
9443
9444
9445
9447
9450
9452
9458
9459
9460
9461
9464
9465
9472
9476
9477
9480
9482
9483
9486
9487
9488
9489
9491
9493
9494
9495
9497
9498
9499
9501
9503
9505
9506
9507
9508
9509
9510
9511
9513
9515
9517
9518
9521
9522
9526
9527
9529
9530
9533
9535
9536
9537
9540
9541
9543
9544
9548
9553
9554
9555
9556
9557
9559
9560
9564
9570
9571
9573
9575
9577
9578
9580
9581
9582
9585
9589
9590
9591
9592
9594
9595
9596
9599
9600
9601
9602
9606
9607
9609
9612
9613
9615
9620
9623
9624
9625
9627
9628
9629
9630
9632
9633
9634
9635
9637
9638
9639
9642
9643
9645
9646
9647
9649
9650
9654
9658
9659
9661
9663
9664
9665
9668
9670
9672
9675
9676
9677
9684
9685
9686
9687
9690
9691
9694
9696
9697
9700
9703
9709
9711
9713
9715
9717
9718
9719
9721
9723
9725
9726
9728
9733
9734
9736
9739
9740
9742
9744
9745
9748
9749
9750
9755
9756
9758
9759
9761
9764
9767
9768
9769
9770
9777
9778
9779
9783
9784
9785
9787
9788
9789
9791
9792
9793
9794
9797
9799
9802
9803
9804
9806
9807
9811
9812
9813
9816
9817
9818
9820
9821
9822
9823
9824
9825
9826
9827
9828
9829
9830
9831
9832
9833
9835
9839
9840
9841
9842
9844
9846
9848
9849
9850
9852
9853
9854
9855
9856
9857
9859
9863
9864
9865
9866
9870
9871
9873
9874
9875
9878
9879
9881
9885
9888
9889
9890
9891
9893
9895
9896
9898
9899
9900
9901
9902
9903
9907
9909
9910
9911
9912
9916
9917
9920
9921
9923
9924
9925
9926
9927
9928
9930
9931
9932
9934
9935
9937
9938
9940
9941
9945
9946
9948
9950
9953
9954
9957
9959
9960
9962
9965
9968
9970
9971
9975
9979
9980
9981
9982
9985
9986
9987
9990
9991
9993
9994
9995
9996
9998
9999
9626
9123
7294
282
4821
3822
9126
2455
9039
3344
9579
4098
665
254
7630
4691
1580
1063
6934
8816
1382
5492
2955
5682
6981
1402
814
6101
494
9161
8632
5748
5552
8277
4327
5332
398
9343
2532
9771
8518
1859
8132
3598
6109
8327
5898
7165
861
847
8155
3444
9514
3519
4982
1967
4600
2678
4523
6645
7028
8602
3573
3369
125
1234
467
4333
2719
5508
3304
7403
7549
4594
312
2625
5802
9149
360
9490
4893
5677
7751
6027
3776
1169
7856
1927
9327
7659
2431
5028
2199
5932
6813
1898
1409
9073
8484
5402
7709
3890
1353
9179
496
940
5416
4866
1543
3567
9171
7094
8055
8115
4528
5981
4003
544
2951
3201
4163
1271
1740
3389
7829
2548
823
9838
3
1164
8751
6081
1143
3338
6039
8439
5567
414
4388
8859
8718
1025
995
7761
328
8651
9967
7283
2015
7396
2574
9989
2683
1277
7394
9572
9291
140
5560
3891
3976
8154
6388
3140
2922
502
19
2211
4081
2979
1721
1486
5704
2322
3375
45
6805
9131
2169
394
1074
3111
448
5218
4750
7906
7442
9724
4662
9000
2654
6429
7592
867
5608
4290
7318
4824
6346
4121
291
9680
1935
5393
1412
3536
2696
8585
8760
6327
3773
5396
9929
2398
6002
3661
9268
3566
9561
4732
5675
4445
9358
5946
307
296
5312
7453
3525
3451
9587
3530
5499
5760
477
6419
1124
7958
2545
4686
7883
849
2887
2648
8800
142
6005
9496
8921
9475
6086
6287
7495
8121
3735
392
5869
834
7412
7182
743
4854
5062
6947
5684
9141
9146
514
785
1768
3057
899
6514
4545
2139
8038
2097
4645
1442
2213
6955
7373
3853
2309
6235
3655
1
1226
2050
1803
7835
5128
1262
9224
1054
3750
6512
3280
3559
656
5632
6874
3247
9282
748
3092
2075
3345
1039
3105
135
5489
4881
3285
2327
8931
1581
2175
830
17
1752
1520
6814
4301
3241
1698
2078
9194
3795
3346
5983
2926
3850
266
4023
8732
9011
3548
8166
3090
7123
6266
4753
8457
6698
6679
6425
7687
7568
8298
2429
5512
7481
5330
4225
1897
27
5480
8734
2052
2221
6745
2537
2434
5705
1468
3929
8875
4339
9085
6012
564
8479
927
8403
3265
6207
4090
8929
286
8589
5418
7114
4455
845
7617
9732
1295
228
5820
687
8905
523
2325
4415
3704
5008
3167
3980
6533
1319
7065
1749
6201
7400
8024
6019
9255
6900
4576
9122
3749
9249
8283
4423
4786
4996
9350
7991
1780
1407
7869
7694
5436
3256
2968
8972
3789
9765
5752
2312
1237
1281
1196
8306
1232
4356
5118
8988
8001
3180
7901
9034
6036
9552
8428
143
605
2488
8369
4559
824
9704
2579
4561
9904
6683
9339
4117
8864
6323
8442
4619
6365
1199
9347
5413
50
1126
4215
6558
8540
2723
3452
2071
3507
2599
2068
1034
1233
1896
3895
1078
9908
58
4283
5796
8891
4257
3531
8526
629
2796
8676
499
2803
9882
5146
8587
9075
750
8681
9145
8454
8185
4008
5202
1450
1877
2372
6098
6892
3486
4624
1891
2650
2064
7831
8646
3393
736
8766
9135
4513
3550
3905
9140
9294
1714
9795
8548
6219
6950
4417
5795
5025
5361
1276
1949
6034
589
2270
1022
5771
2115
5475
3439
2136
778
766
1479
7533
4465
5111
7010
3436
8512
7044
2896
7570
2377
2971
4419
6031
5275
7023
9306
1886
150
6544
1784
6634
9618
5063
6976
833
4488
6915
5248
5179
3746
9005
24
5531
1849
6166
6882
7853
7052
5582
7128
474
983
1518
3614
809
1494
4043
2752
9644
4550
6843
9712
7082
9519
3600
9124
391
6342
8267
6372
8519
1583
3540
7567
9275
2660
4654
240
7138
9860
1282
7198
1241
9411
2753
545
8583
3643
6223
5092
5437
2357
8331
3226
3094
5792
1723
209
227
6660
3761
2368
6227
8088
4237
6113
3986
5624
2999
8060
2304
4903
485
4769
4172
3270
4416
6489
7081
2631
1373
626
3324
190
6735
1585
9666
5220
1761
3840
8105
1167
4740
8126
1508
3982
7904
2755
6601
4515
5422
7291
4404
2991
1938
9562
2003
3646
8515
3561
8847
3524
9915
289
1954
1606
4519
6979
7297
7993
5317
8987
6817
7161
2535
7713
7933
4678
7639
4335
3474
8064
1816
4999
816
5594
770
3993
8981
3820
4235
8560
2576
9727
9593
7732
413
9481
1363
7221
5679
3967
5479
226
5893
6652
9427
6543
6195
2865
3189
8773
916
9876
7113
5536
3910
2997
203
8623
3126
9653
7738
7701
4829
6384
7259
2343
8184
5959
6685
5653
9246
8950
1218
4490
7970
6185
215
2703
5587
5584
6987
2125
1533
7245
4752
7884
1038
2143
5427
9048
4435
8308
9698
131
4779
6469
592
1810
9964
2137
6445
8033
9504
896
4604
4748
5592
9502
432
5558
905
4123
7880
8727
1651
5799
4011
5746
808
8027
9651
8163
6765
4914
393
9360
5859
574
1811
3066
9004
1179
2244
2958
1027
5491
1638
2439
1434
3755
3343
9545
8653
3156
8566
66
4534
8192
5505
5851
5678
8717
9369
4810
8450
5126
4260
5288
399
530
2589
1272
1553
2089
3738
8607
2226
4612
7418
2220
6970
4350
9245
5338
6264
253
2746
6423
1206
4197
4265
41
157
3293
2987
2436
6566
8379
1476
2600
4803
4781
4682
1991
2689
4677
212
7997
9583
8970
5725
4533
4087
3015
7526
1285
7016
6624
8237
4773
47
6478
5089
5969
6917
3828
1299
191
2231
1163
8883
8985
3924
6884
5978
4343
2382
2940
6786
7926
2401
885
6790
6243
8212
2808
2454
7223
3770
452
9868
9972
8555
1462
8909
5819
6483
4767
5625
4489
2595
7457
2786
1391
5646
2908
6734
4674
8415
1408
4048
103
8014
4980
9423
6377
8778
4979
7438
5750
9604
7881
2843
7233
7923
9648
918
272
5367
8063
309
1502
803
7450
304
1360
6156
9344
1934
4814
5504
6569
8683
1883
5113
8311
5565
2355
9678
3431
4623
1862
183
8263
6486
4164
1879
8494
5415
7002
4763
4644
5744
7705
6997
3062
6945
3812
6720
702
7312
4823
2081
5690
1999
7992
5006
4340
871
4498
8135
5738
2989
1484
3123
115
9329
3705
1624
2287
5269
9313
2961
7387
9044
1422
3629
1952
2258
9705
124
7603
3932
5311
4320
2839
2048
2442
9102
8915
2360
1573
7628
5047
4146
3578
4939
630
3341
9763
6099
5933
4895
5090
9453
5877
4072
5259
2463
931
7464
5032
1001
7436
1385
5232
2970
6638
4650
6095
7747
1235
6967
8666
582
8612
8122
7531
9144
9470
7054
6560
4557
5917
9800
1644
6651
3301
7232
5423
7712
3999
7462
3825
8606
5271
8078
3710
6146
1093
716
9942
5729
3645
3771
4643
7600
3275
267
23
6130
1302
6733
5588
6773
4960
5668
7070
1905
1546
5842
6408
6276
4458
4129
4246
638
5753
6066
7461
5348
4220
3409
3730
6576
8145
7062
4182
3908
4169
4640
1944
9386
6339
801
1693
4051
713
9617
5035
4270
7759
8933
2910
8722
1863
7610
7864
5596
9239
7472
4578
1775
5840
6474
4255
2132
1985
1471
4527
8508
1535
8438
9977
7929
6107
2888
8882
1313
6956
1980
8567
3991
4219
8043
2351
2890
6996
894
993
7695
9283
2897
4437
8019
9105
2592
7340
5980
320
8179
6667
3829
6534
8591
7508
3708
5717
616
5136
9730
214
2493
5902
7698
6216
6083
3837
4371
8636
4952
7085
1907
340
9259
7777
6180
6182
5992
9566
4082
5073
3084
1622
7742
5772
1754
7965
4796
7842
4144
15
6162
7375
8202
9958
6985
3594
9673
7476
9449
8086
5763
8437
2591
788
7330
1563
5649
8406
8243
6774
6977
4487
9420
6271
5520
8255
3601
4882
3119
6694
3904
36
8130
4933
9337
7471
8498
4083
3839
2938
1773
5159
5374
1717
1677
168
3029
7139
1570
6722
9112
2764
9401
6035
5369
8764
417
5644
67
8318
4422
5575
7022
2912
7590
6818
8834
8345
4039
5363
5087
980
4057
345
1635
1748
978
9640
4921
6518
6964
9361
7013
8028
5765
9457
1705
1102
2079
1615
8147
2348
5119
5467
2863
8200
9869
6557
8711
6424
7404
5116
8193
4704
1036
230
4692
1813
2265
1168
5056
7668
4820
6252
8380
3438
2469
381
8712
1413
2171
3074
957
7737
841
3903
2586
8522
5177
9128
8319
8435
7359
5477
1751
8668
7891
252
8694
3365
8418
559
5826
8448
1655
9367
2161
1962
3339
1828
216
9446
5175
6599
2627
1380
9525
3168
5360
4210
9752
7688
146
5534
453
2396
1842
6630
3726
5069
6933
7536
7552
8914
1711
382
1936
1113
2458
2546
9484
4101
2114
295
3376
7279
1730
9383
650
5318
1222
9735
3545
7707
7975
469
8895
9462
7385
6211
9978
8785
955
3315
3060
5970
775
8805
8562
1207
4898
9052
7164
5830
8542
5930
5153
7515
3153
6549
3279
2153
4168
2294
4050
1829
7345
5034
7753
4034
4025
8744
6008
2411
8377
3472
9340
3951
6767
1426
5390
5192
4240
1060
1590
6488
7756
5764
6954
536
8639
4370
5163
2623
176
531
8944
5376
9877
9165
2978
7948
4177
5757
6263
7266
4399
4965
8634
6076
9531
9463
8884
2289
1152
9747
2561
1245
7189
3130
1444
7241
3401
9273
9270
2080
3813
7511
6218
9952
7833
5274
6467
5541
7363
7424
7136
3874
595
3842
7410
4132
5597
2711
632
9402
4705
9622
4017
1513
9656
9894
5530
5803
6202
2242
7680
8633
8402
2584
3984
1512
6815
723
7173
6643
8083
4855
3137
5048
8142
7480
1430
8496
7316
2691
208
7852
1880
9631
1703
8399
7999
1782
7964
8425
155
7809
2195
4456
3706
7
4961
2953
5510
7311
7406
2975
6792
1569
648
3333
2993
8182
5267
8505
4280
2111
7593
5045
6939
8696
6760
7866
8821
6366
8626
4047
9887
193
6861
1690
2718
3493
59
3565
5507
6532
8268
966
5626
1084
4993
813
5270
7749
3162
4461
6797
8919
9173
6432
1386
2861
3356
2404
1180
77
7821
8254
4108
9682
6001
9354
7663
153
4438
8160
7584
5468
7276
9086
1452
431
866
4598
8361
5835
6190
8796
669
1910
9113
5265
3220
9737
5024
7582
1449
8323
5637
2005
6444
7286
2350
9413
4955
5313
9410
4406
9605
675
930
839
9944
9160
7067
7049
9671
8461
5500
2057
8400
7606
8874
1310
9364
6453
1227
2104
4238
9701
5610
9766
4878
6117
2113
9155
2965
3819
5991
2944
1807
243
2737
7071
4788
3605
4141
385
5789
5375
670
4411
579
5732
7968
2817
5853
5154
3005
9236
4110
3695
7268
795
8876
7423
9692
5832
3157
9662
6825
1117
1783
7465
6417
6380
117
6608
1856
1939
8336
3149
4742
1181
5988
6465
7984
4503
4601
5296
9722
1108
7646
3227
5733
8770
6009
3744
3380
902
407
6498
8305
7744
6303
2523
7560
4119
5142
1591
8780
1423
4737
1681
1617
6687
3757
2243
6723
5060
771
1023
3011
7525
6563
7935
1893
7060
3026
793
6073
1919
9757
5821
4969
7941
1080
6553
3624
7816
8527
7207
6598
2503
2255
6254
682
8213
5718
3872
3421
8376
708
5529
1438
8558
4469
9810
5944
6562
7851
6875
314
1878
7167
7288
8533
7824
6147
4522
7134
5711
9955
8357
9217
6777
6999
1127
2841
6600
4464
3599
1459
2837
9872
55
4859
447
5211
8641
2305
2909
1223
7032
9669
2577
1151
1701
3768
4864
929
3527
7969
4764
1040
5059
8817
8026
9558
4963
539
2695
1431
9384
8828
5524
9689
2086
280
7594
9138
9551
8359
1214
1966
610
179
6914
926
5617
6541
2870
603
7786
7643
5576
9157
9983
1131
6688
5620
7446
2616
3898
6714
6106
1955
5293
6559
1792
2898
8886
6854
2604
4473
9448
9289
37
8572
8705
5775
4317
4762
6711
8799
2140
4828
3791
2950
3273
7456
2739
6052
7532
2807
5127
7792
5546
57
6056
3405
7503
4028
1263
4130
6717
4059
8146
8730
2596
7443
4968
8385
5385
5410
1763
6674
7534
2203
1142
7631
8853
7823
3997
7961
3570
5954
7825
3532
5046
8925
5173
2735
3671
5754
3640
1595
4159
51
82
1895
9061
9500
4133
8901
3517
9520
5379
7408
7874
9455
4294
9103
4459
9608
739
881
373
6637
5998
8117
472
631
4308
1429
1713
9435
251
8719
6744
8118
2267
9258
7399
7640
5887
8957
3911
2480
2430
9474
346
6609
504
1403
4944
7776
5889
4648
3546
2465
4776
30
1395
7647
5643
6905
9414
1667
5934
330
3420
9090
16
2121
4324
779
2804
2566
5554
7748
9451
5285
1836
4170
6382
5051
8389
6810
6281
3362
7263
1603
2547
3035
3807
6328
7353
701
2816
1824
5556
8608
3148
6335
3224
4915
5595
664
5776
4376
7834
646
9567
4684
8629
1205
9430
6134
7788
2262
4853
4768
7917
1077
997
6298
8410
8999
9338
349
658
8071
3102
4872
7846
7210
9919
9963
4148
2408
5540
8538
293
4352
6496
9077
4940
5373
9013
5800
4546
3826
3660
5166
6867
4509
4228
2472
9746
8673
276
5913
5405
5380
2701
7959
8596
2440
3947
4849
7796
3002
9707
8990
4848
9969
9431
61
454
7107
6862
2777
1064
1850
532
3855
2177
5878
9235
5100
7509
5461
1090
9883
3004
3831
5391
3363
6830
1789
8510
2040
5834
5476
3949
5324
3044
144
5791
475
6746
6438
6179
8690
5226
3990
4186
7290
567
5561
9603
6048
6726
863
7979
9652
5609
9892
6757
923
7847
9232
5895
3031
7765
781
9781
7658
2366
8470
6840
5720
8743
2444
2338
2525
1071
9051
9395
4804
787
2339
6699
2031
7368
3138
3023
7458
9565
594
6554
72
4217
9568
5880
1765
1417
9417
7224
8265
1785
6901
2303
6935
3597
2543
7444
2060
8330
571
2672
5455
7358
443
5812
7352
462
9611
8299
4989
1007
628
7757
9017
1586
1390
9163
5612
2381
2494
260
3193
310
5307
4345
710
7535
1975
7034
1011
7275
6022
3633
2421
4109
4746
9314
4058
4120
1480
3835
4351
1904
5883
4722
347
5328
2588
9528
5204
1540
9780
7760
3739
3619
7565
8774
4295
5804
6989
1994
170
1964
8317
283
898
3036
9918
3882
9641
455
8971
6341
6042
9379
8685
2151
5107
6719
3319
8196
4291
7684
7769
9214
8158
1153
9478
7293
5613
2074
1308
8458
1661
3623
1056
6398
9843
8513
5435
4954
2995
557
8576
762
8440
9984
9372
9020
5973
5040
8113
354
985
3087
2044
9466
6693
3635
7369
8830
9162
2778
8246
584
4981
7945
1839
6047
2780
5815
5563
5783
2635
5161
8857
2875
4703
445
1266
7439
6186
774
7671
3581
9702
465
838
4494
5703
828
8069
2291
25
1055
4390
332
688
5829
65
8865
1695
3652
8128
4027
7303
1922
6198
1330
1744
7209
1328
3235
1286
7986
987
4281
7066
1490
1477
1865
6386
7837
7569
6705
8840
2873
9516
4425
4749
4603
1388
4887
3732
4609
9997
1953
6841
1946
7350
5439
4795
1136
1244
2168
6856
2025
6214
9093
5909
7771
875
969
2193
3499
1976
2331
8687
7361
2664
3121
2811
6916
1270
2726
3916
6513
85
8211
6088
2972
8604
806
9169
7341
7572
4918
5013
919
6849
3948
6742
7827
4665
78
3448
1194
3785
4145
4951
6725
505
2441
8552
5638
8714
9307
3965
3080
3171
428
4505
4374
9154
5196
2598
7104
4153
9584
1526
8183
7612
5182
9943
8025
8544
5464
6646
9619
9847
5075
5861
8964
8546
2697
1596
1105
917
1327
4439
4213
8412
3150
9280
120
7055
7270
3672
8728
1463
2518
6787
6910
8851
6647
1475
5805
1847
3747
4253
440
7982
5327
6071
2087
8700
6021
1852
4418
5709
4514
5852
129
5562
9370
4805
2330
7538
6912
7068
6259
5687
7736
6376
4927
9391
1076
738
3447
5979
7356
2090
5064
1458
5972
1547
5650
1358
9760
8638
7841
7667
4196
3043
2156
319
6091
5186
2512
8042
306
2341
2969
4607
5234
782
967
8531
7987
28
2877
2149
3656
433
2038
2967
410
2453
207
4524
6137
5450
1945
8220
4698
5440
5195
2751
6833
6926
1311
4563
5966
8517
7089
4916
6893
1149
7202
6294
1505
2144
5151
6921
1645
1680
2533
5698
1243
9610
1393
5084
3260
3095
9961
3878
5240
8074
1188
2886
4322
5207
9316
6116
256
4079
2208
3892
5411
8783
1767
5301
5502
4468
5225
7782
8559
3251
1045
7548
6506
2004
1155
1906
9906
4967
3183
7039
3836
6963
8856
7046
9546
5344
8411
7877
8976
8977
8855
4178
7473
8704
2164
6886
528
7649
2716
660
8959
1325
4695
9550
6491
8798
1650
9177
3871
1098
9147
5432
7898
9886
9949
84
794
4305
9845
6877
3350
3381
9922
548
7925
7559
1394
4668
7174
6906
9376
2857
4697
1771
9880
4653
9956
6112
6038
6614
6620
5683
941
2217
5634
137
262
7927
3490
6625
1057
8997
1799
3669
3701
5547
3642
5237
8842
5586
6772
2658
4234
1317
7543
6507
7635
9796
3516
6664
3713
8597
1867
4410
97
4998
3689
4288
6490
2345
9279
8790
2030
3219
820
9834
1504
6061
8838
3418
6173
6356
2039
3484
7758
8392
2088
9467
6823
9454
3653
339
5254
3694
1033
7690
9974
865
3079
8124
5935
7839
1670
2602
4579
5645
7420
3983
9776
7216
5086
9547
2850
3229
1834
1213
2135
6770
7721
1492
1925
2342
6995
4471
366
2871
7911
4063
5537
4408
9614
9408
653
5395
1974
6261
0
1840
1820
2740
1600
4363
1089
6455
7003
602
1120
9801
6780
4211
4103
1032
3821
8689
3958
3927
9774
9225
2400
9714
3664
3580
4384
3778
4309
7129
8530
8650
9657
8328
6193
5278
9059
8514
1370
8229
5846
8903
5962
7254
8352
4077
6616
8621
1165
8397
7242
9333
7745
525
3647
6300
8103
2916
5818
8866
4074
9471
3018
3110
4276
4035
5580
2919
1873
4026
8281
707
5322
8241
2157
8208
3617
33
2964
6826
8032
7960
6118
4379
3408
3277
3537
9814
3859
7122
3748
4958
720
6529
3133
1174
2159
3295
5181
8801
7188
2110
5999
1440
5223
8813
5209
3085
9152
7144
6870
1848
5920
3300
4296
9808
9192
3856
7393
5193
4185
3145
8178
9056
6928
3253
4801
4564
9805
4199
9549
6715
1447
868
5901
9616
2147
7095
8290
3134
1868
9363
5942
2371
7246
1092
5224
9442
3091
9862
4398
2880
2513
4870
7445
8062
8114
160
7601
9325
8422
8040
6590
3897
5124
6885
1366
3248
8205
1720
4729
2797
9206
7728
7145
933
517
8878
74
5761
2018
8524
1231
2107
4428
7522
9298
4298
5042
1239
625
968
8992
513
8551
8707
8910
9636
1301
1162
9762
380
8466
3045
959
715
6249
7910
9479
6505
843
1097
3657
2665
4595
5478
9542
2481
5736
8446
7124
6783
3553
3925
2340
6194
1332
1702
162
7310
4181
8271
4251
6065
7915
6045
6568
1983
8763
4615
9786
6149
3673
1913
7858
5774
4868
7053
2066
4248
457
9720
9538
3918
6370
8740
4449
7813
3712
2526
8106
990
672
7626
6092
635
1043
5550
8039
8137
1014
7482
8059
88
7252
3034
9399
986
5252
4808
3267
9939
4813
5719
6946
4905
4586
9621
888
4227
3366
4085
4568
8756
5670
1401
5389
5263
6476
4985
4857
4759
7551
9524
6332
1255
2163
5522
6617
5689
111
7892
6362
7307
1786
6756
2369
7378
789
2427
7914
7703
3685
9976
2047
5836
7785
7045
2805
5082
8034
8640
1451
3291
9164
3348
9366
7576
9688
6178
4815
3360
6114
5434
444
9731
1769
4862
4941
8917
6710
4441
4115
8468
6850
9884
7159
4995
4593
970
4935
3743
643
1474
1481
248
4226
5406
1601
836
7414
9266
5001
3055
4574
1605
4549
415
2854
268
5295
9032
4625
8464
1889
6497
7305
6122
8009
5759
3292
8037
3711
726
8622
8967
1805
9434
7772
7362
4904
999
9284
234
6306
5141
2528
9473
6763
4754
3155
9539
802
6752
9563
1170
3141
6401
7097
8249
5292
5598
8476
7292
5102
7918
7797
69
5824
4517
4994
7722
9867
4537
1082
5446
690
7887
7434
287
2254
6104
6120
5139
2091
2237
6141
4877
210
4454
3928
553
1814
6391
5892
6743
6222
4037
5027
258
2384
7205
9773
1016
8217
3920
7125
2300
7920
2268
4532
7388
5085
4596
8235
434
1941
8390
8018
6982
8206
1072
8140
6994
3894
5544
520
4664
8216
6416
9065
112
9422
6188
9815
2017
4771
2504
6297
4157
3792
4247
3500
7441
2478
9695
9973
6948
3222
6290
388
1918
9667
7868
4723
1112
8486
9130
9819
9681
5483
6925
2840
6589
6414
1575
6740
6189
5995
3552
32
4885
4024
9897
364
3191
4321
8938
2761
5394
9436
4467
6029
4401
5872
5939
886
7380
1853
6181
7256
7309
4065
1577
5555
1086
9371
3250
4364
4202
3470
470
2198
2207
2457
2290
6224
7120
400
4658
8362
3019
8279
8942
4040
6085
3173
5724
3093
2487
8003
1594
9332
6739
1633
1582
6918
9485
6350
4136
6602
6215
7787
3719
5702
1901
9532
2293
5977
6809
2281
4588
7072
4088
7981
8273
7118
8954
2747
1005
5030
3715
2438
1995
8897
2700
4852
7260
8349
3231
3468
2879
540
6348
9016
9070
5456
2279
935
784
7314
2016
3294
1329
7021
8659
819
8153
2613
8928
6010
3078
7110
4446
9782
6393
4869
9319
5798
3675
1592
2905
8125
9186
4311
238
4633
2129
8119
4629
6583
9775
6343
1320
3602
7586
6991
6580
6681
8436
2709
5117
3613
1598
3535
3889
3024
2838
4366
9267
5114
893
7121
1626
5788
6586
8293
6846
5963
86
2484
612
9598
4661
7510
8545
2170
2499
9936
1202
2783
2201
3038
1296
6531
8984
3289
3331
2729
5474
2856
5868
2906
8620
5490
5049
8050
4426
1312
1500
4599
666
1743
3854
607
412
7006
1046
3688
3765
8547
1278
4107
1686
1355
8750
3716
9083
2541
3475
4794
249
5525
299
3243
3077
1920
7168
2299
9038
8588
6641
5726
8475
529
6253
7808
8431
7091
9809
7487
4006
956
5908
4861
8934
331
2690
4542
1555
9913
9220
9184
5652
7739
7296
6267
3113
9412
2083
8478
7497
9158
8993
8802
3869
483
222
1446
8280
8804
5680
2105
3975
9324
7366
1917
449
8374
3443
9674
4531
8635
1797
2651
8366
3255
8092
8307
1378
476
4495
3413
6133
934
744
9905
5421
2399
1010
7235
2200
1551
7083
6080
3069
5688
5692
8902
611
8996
2864
3977
5767
6975
108
7258
3437
6316
1081
8365
5713
53
34
7583
2606
8472
1367
4685
7325
4799
5004
80
2659
8110
8949
6063
5190
3538
478
2914
4876
1085
9106
9679
7882
4652
4637
76
7937
6626
851
4476
5279
546
6662
4791
9655
1921
8368
9798
5080
2205
211
7770
8873
6899
9114
4800
6697
7346
7528
6090
1497
2471
9036
2096
6511
3814
4591
512
817
3740
3314
5941
6275
8648
2376
6396
7907
6449
3781
1305
1083
4718
6296
9321
4010
8497
3317
9219
9699
9397
4007
371
4687
5354
5994
6390
1154
5569
9836
4134
379
6793
1728
7912
6014
1826
8463
2166
7708
4973
9512
9074
8777
2
9861
9057
1324
9137
6842
1559
3221
5958
8699
3802
1996
2451
4863
2705
6890
7499
4957
3139
6336
9023
6025
8022
6754
647
8726
2647
9348
118
1228
2056
4036
1857
6129
2736
7696
4497
1100
5383
569
876
7899
6420
6548
8252
6713
4671
7244
4116
9914
6670
4631
4908
3703
9708
8061
7493
420
2674
9009
5903
2990
8894
6017
7936
4126
3830
1114
7466
1843
3432
5246
9213
1274
6990
2884
6702
1106
2072
9088
3321
4827
2145
7426
389
1258
2902
4273
3177
1542
9858
4054
2477
3788
5607
6612
2694
1672
421
9790
9753
3513
5219
7315
8297
4858
3290
8020
5827
4900
8221
4482
4029
1107
1725
7773
3073
9716
2582
6064
3204
4721
1356
8918
6470
9693
1653
3037
5691
8316
5250
3303
3003
6631
5198
2706
7043
3896
6460
8900
8500
7357
9287
7665
4943
5135
9933
2986
3572
3628
7265
2363
2834
5778
7810
4948
8222
1006
4566
7554
9576
8068
1496
4811
1075
850
947
1760
4912
4104
4316
9456
3430
3423
727
7791
5238
3606
949
1739
9072
4525
225
4279
2446
9432
4403
9033
8663
9041
8835
2644
8093
318
9683
5453
3774
1345
8532
456
5900
9534
8258
1676
3272
6517
8482
8321
3864
4651
6908
3641
2466
1414
1147
7231
7573
3724
5495
3952
678
6250
9772
3286
3309
8701
6191
4071
2492
3733
1503
5766
6477
1971
1013
7498
3009
2677
6016
599
4562
3207
5057
732
6845
7799
2931
2762
9492
971
9055
6552
1161
6192
4236
5635
2022
8529
2515
2273
7213
1684
617
6011
2191
7966
9966
4137
3396
2802
928
1609
7349
6169
7691
6485
6851
4618
1002
5615
5015
2245
2835
2637
4131
8561
9317
3844
560
3514
3234
4493
1371
3041
1515
730
7541
1017
975
3258
8467
3583
4066
4060
1365
976
2818
4462
939
5076
8339
3939
1685
2779
2927
9951
5845
5833
2733
6312
3588
3237
9574
7766
5708
8490
9
8754
2335
1410
8794
7520
6889
8716
7137
3440
1343
2562
7518
4190
2417
6986
5990
6523
9706
4325
7020
950
4365
8489
4913
7203
9098
7326
6571
1346
8326
8986
5454
1997
3941
4337
3687
2013
799
3692
6785
6755
8899
4630
3022
3238
7530
2935
6177
4383
3429
8010
1727
2521
1928
3863
9743
4539
3804
3968
7126
9597
2301
3946
9710
3654
8569
7673
1448
9837
3046
8171
5213
7086
9182
4696
6196
102
5372
9586
2352
2261
4284
3736
1795
3242
7817
2502
71
2923
5971
1267
9243
3483
3334
6379
3944
1639
8291
2186
5165
3182
4038
5657
7505
6352
1531
8946
4778
6629
6538
9523
9356
2903
4663
7449
8012
9121
7995
3955
2563
2580
2571
2232
3650
5790
7637
2375
1110
689
6286
1066
6618
1357
7943
7468
7367
3194
3128
9588
2321
488
798
6363
2536
8044
8499
4602
5654
90
5516
8247
4922
1726
3361
829
573
1817
7494
4033
7950
2470
1926
2387
1830
8260
9252
1809
5205
333
4056
818
4344
2994
6656
3199
430
5230
8248
8807
7619
7027
6811
5950
3518
7017
6508
6364
8868
2738
3779
5734
7269
2370
9729
2361
9091
9323
18
2844
4447
1035
1671
6308
4263
8937
8845
6904
4481
7392
9242
4726
6499
3422
6654
6677
575
8822
4180
677
1716
4923
1729
5350
3852
9751
9469
4271
4628
8733
1061
5797
172
9754
479
721
40
7985
8096
9226
7225
1101
9069
1210
9851
8501
8341
7677
5591
3165
4368
758
2974
14
1662
7523
3554
6407
132
3174
992
9193
3555
4151
3682
5611
6260
5943
7096
614
6115
8303
356
8052
6148
5052
6779
2037
7483
2748
5199
5347
2248
6418
7448
7220
566
3604
9082
4897
645
1654
5481
5488
3276
692
1257
9468
3390
3937
7611
1874
9741
5528
185
1673
772
3240
8738
8824
1219
7815
6124
2852
8782
1736
8175
5984
6262
7890
6385
46
7148
9053
6812
2282
6479
8029
4843
760
104
2720
855
2501
1908
2915
4328
914
5302
5101
5106
1564
4233
8682
5922
3772
4838
4282
9988
644
1059
9381
6937
9992
522
265
961
2959
8123
3322
9569
9296
1397
199
8832
3131
3096
3618
8136
1620
7488
5710
6165
6503
5664
7886
237
2925
1517
9396
9433
6059
4367
8748
8827
586
64
5026
2578
5442
7486
4502
6054
8978
6636
7100
154
7547
3332
1419
741
3108
9947
5216
2626
6666
1916
5036
4354
9660
1838
4386
4205
9738
649
6635
5545
