100
0 29
0 93
0 73
1 0
2 87
3 97
5 66
7 65
9 52
9 45
10 29
14 32
18 67
18 85
19 92
21 41
21 24
21 86
21 14
22 47
25 19
25 85
26 33
26 42
27 41
29 8
30 32
30 12
33 21
34 16
34 78
35 69
36 29
37 46
37 98
37 69
37 61
39 3
40 79
42 13
42 92
46 49
47 43
47 98
49 34
49 89
50 7
52 57
52 35
53 8
53 40
56 26
57 21
58 68
59 18
60 64
60 68
62 60
64 71
65 59
65 53
66 81
68 10
69 86
69 43
69 39
71 92
72 79
72 62
73 40
75 52
76 73
76 16
77 81
77 95
77 82
78 65
79 84
80 84
81 19
83 32
84 51
84 28
85 20
85 60
86 32
89 14
90 76
90 71
92 9
96 36
99 38